519732 交银双息 日线 后复权
      日期	    开盘	    最高	    最低	    收盘	    成交量	    成交额
2013/09/06	1.0000	1.0000	1.0000	1.0000	0	0.00
2013/09/13	1.0020	1.0020	1.0020	1.0020	0	0.00
2013/09/18	1.0020	1.0020	1.0020	1.0020	0	0.00
2013/09/27	1.0030	1.0030	1.0030	1.0030	0	0.00
2013/09/30	1.0040	1.0040	1.0040	1.0040	0	0.00
2013/10/11	1.0080	1.0080	1.0080	1.0080	0	0.00
2013/10/18	1.0080	1.0080	1.0080	1.0080	0	0.00
2013/10/25	1.0080	1.0080	1.0080	1.0080	0	0.00
2013/11/01	1.0090	1.0090	1.0090	1.0090	0	0.00
2013/11/08	1.0080	1.0080	1.0080	1.0080	0	0.00
2013/11/15	1.0100	1.0100	1.0100	1.0100	0	0.00
2013/11/22	1.0120	1.0120	1.0120	1.0120	0	0.00
2013/11/29	1.0130	1.0130	1.0130	1.0130	0	0.00
2013/12/02	1.0110	1.0110	1.0110	1.0110	0	0.00
2013/12/03	1.0130	1.0130	1.0130	1.0130	0	0.00
2013/12/04	1.0150	1.0150	1.0150	1.0150	0	0.00
2013/12/05	1.0150	1.0150	1.0150	1.0150	0	0.00
2013/12/06	1.0140	1.0140	1.0140	1.0140	0	0.00
2013/12/09	1.0150	1.0150	1.0150	1.0150	0	0.00
2013/12/10	1.0150	1.0150	1.0150	1.0150	0	0.00
2013/12/11	1.0120	1.0120	1.0120	1.0120	0	0.00
2013/12/12	1.0140	1.0140	1.0140	1.0140	0	0.00
2013/12/13	1.0160	1.0160	1.0160	1.0160	0	0.00
2013/12/16	1.0150	1.0150	1.0150	1.0150	0	0.00
2013/12/17	1.0140	1.0140	1.0140	1.0140	0	0.00
2013/12/18	1.0120	1.0120	1.0120	1.0120	0	0.00
2013/12/19	1.0100	1.0100	1.0100	1.0100	0	0.00
2013/12/20	1.0080	1.0080	1.0080	1.0080	0	0.00
2013/12/23	1.0090	1.0090	1.0090	1.0090	0	0.00
2013/12/24	1.0100	1.0100	1.0100	1.0100	0	0.00
2013/12/25	1.0120	1.0120	1.0120	1.0120	0	0.00
2013/12/26	1.0080	1.0080	1.0080	1.0080	0	0.00
2013/12/27	1.0120	1.0120	1.0120	1.0120	0	0.00
2013/12/30	1.0120	1.0120	1.0120	1.0120	0	0.00
2013/12/31	1.0130	1.0130	1.0130	1.0130	0	0.00
2014/01/02	1.0180	1.0180	1.0180	1.0180	0	0.00
2014/01/03	1.0170	1.0170	1.0170	1.0170	0	0.00
2014/01/06	1.0100	1.0100	1.0100	1.0100	0	0.00
2014/01/07	1.0110	1.0110	1.0110	1.0110	0	0.00
2014/01/08	1.0100	1.0100	1.0100	1.0100	0	0.00
2014/01/09	1.0060	1.0060	1.0060	1.0060	0	0.00
2014/01/10	1.0000	1.0000	1.0000	1.0000	0	0.00
2014/01/13	1.0000	1.0000	1.0000	1.0000	0	0.00
2014/01/14	1.0040	1.0040	1.0040	1.0040	0	0.00
2014/01/15	1.0070	1.0070	1.0070	1.0070	0	0.00
2014/01/16	1.0070	1.0070	1.0070	1.0070	0	0.00
2014/01/17	1.0020	1.0020	1.0020	1.0020	0	0.00
2014/01/20	0.9980	0.9980	0.9980	0.9980	0	0.00
2014/01/21	1.0000	1.0000	1.0000	1.0000	0	0.00
2014/01/22	1.0090	1.0090	1.0090	1.0090	0	0.00
2014/01/23	1.0100	1.0100	1.0100	1.0100	0	0.00
2014/01/24	1.0160	1.0160	1.0160	1.0160	0	0.00
2014/01/27	1.0100	1.0100	1.0100	1.0100	0	0.00
2014/01/28	1.0080	1.0080	1.0080	1.0080	0	0.00
2014/01/29	1.0110	1.0110	1.0110	1.0110	0	0.00
2014/01/30	1.0100	1.0100	1.0100	1.0100	0	0.00
2014/02/07	1.0180	1.0180	1.0180	1.0180	0	0.00
2014/02/10	1.0300	1.0300	1.0300	1.0300	0	0.00
2014/02/11	1.0260	1.0260	1.0260	1.0260	0	0.00
2014/02/12	1.0280	1.0280	1.0280	1.0280	0	0.00
2014/02/13	1.0230	1.0230	1.0230	1.0230	0	0.00
2014/02/14	1.0300	1.0300	1.0300	1.0300	0	0.00
2014/02/17	1.0400	1.0400	1.0400	1.0400	0	0.00
2014/02/18	1.0410	1.0410	1.0410	1.0410	0	0.00
2014/02/19	1.0390	1.0390	1.0390	1.0390	0	0.00
2014/02/20	1.0330	1.0330	1.0330	1.0330	0	0.00
2014/02/21	1.0290	1.0290	1.0290	1.0290	0	0.00
2014/02/24	1.0290	1.0290	1.0290	1.0290	0	0.00
2014/02/25	1.0120	1.0120	1.0120	1.0120	0	0.00
2014/02/26	1.0110	1.0110	1.0110	1.0110	0	0.00
2014/02/27	1.0050	1.0050	1.0050	1.0050	0	0.00
2014/02/28	1.0070	1.0070	1.0070	1.0070	0	0.00
2014/03/03	1.0120	1.0120	1.0120	1.0120	0	0.00
2014/03/04	1.0120	1.0120	1.0120	1.0120	0	0.00
2014/03/05	1.0100	1.0100	1.0100	1.0100	0	0.00
2014/03/06	1.0100	1.0100	1.0100	1.0100	0	0.00
2014/03/07	1.0070	1.0070	1.0070	1.0070	0	0.00
2014/03/10	0.9930	0.9930	0.9930	0.9930	0	0.00
2014/03/11	0.9920	0.9920	0.9920	0.9920	0	0.00
2014/03/12	0.9910	0.9910	0.9910	0.9910	0	0.00
2014/03/13	0.9970	0.9970	0.9970	0.9970	0	0.00
2014/03/14	0.9960	0.9960	0.9960	0.9960	0	0.00
2014/03/17	1.0030	1.0030	1.0030	1.0030	0	0.00
2014/03/18	1.0020	1.0020	1.0020	1.0020	0	0.00
2014/03/19	0.9940	0.9940	0.9940	0.9940	0	0.00
2014/03/20	0.9840	0.9840	0.9840	0.9840	0	0.00
2014/03/21	0.9900	0.9900	0.9900	0.9900	0	0.00
2014/03/24	0.9880	0.9880	0.9880	0.9880	0	0.00
2014/03/25	0.9920	0.9920	0.9920	0.9920	0	0.00
2014/03/26	0.9960	0.9960	0.9960	0.9960	0	0.00
2014/03/27	0.9870	0.9870	0.9870	0.9870	0	0.00
2014/03/28	0.9800	0.9800	0.9800	0.9800	0	0.00
2014/03/31	0.9800	0.9800	0.9800	0.9800	0	0.00
2014/04/01	0.9880	0.9880	0.9880	0.9880	0	0.00
2014/04/02	0.9860	0.9860	0.9860	0.9860	0	0.00
2014/04/03	0.9890	0.9890	0.9890	0.9890	0	0.00
2014/04/04	0.9960	0.9960	0.9960	0.9960	0	0.00
2014/04/08	1.0050	1.0050	1.0050	1.0050	0	0.00
2014/04/09	1.0080	1.0080	1.0080	1.0080	0	0.00
2014/04/10	1.0130	1.0130	1.0130	1.0130	0	0.00
2014/04/11	1.0120	1.0120	1.0120	1.0120	0	0.00
2014/04/14	1.0150	1.0150	1.0150	1.0150	0	0.00
2014/04/15	1.0100	1.0100	1.0100	1.0100	0	0.00
2014/04/16	1.0090	1.0090	1.0090	1.0090	0	0.00
2014/04/17	1.0100	1.0100	1.0100	1.0100	0	0.00
2014/04/18	1.0110	1.0110	1.0110	1.0110	0	0.00
2014/04/21	1.0080	1.0080	1.0080	1.0080	0	0.00
2014/04/22	1.0040	1.0040	1.0040	1.0040	0	0.00
2014/04/23	1.0040	1.0040	1.0040	1.0040	0	0.00
2014/04/24	1.0040	1.0040	1.0040	1.0040	0	0.00
2014/04/25	0.9960	0.9960	0.9960	0.9960	0	0.00
2014/04/28	0.9830	0.9830	0.9830	0.9830	0	0.00
2014/04/29	0.9900	0.9900	0.9900	0.9900	0	0.00
2014/04/30	0.9950	0.9950	0.9950	0.9950	0	0.00
2014/05/05	0.9990	0.9990	0.9990	0.9990	0	0.00
2014/05/06	1.0030	1.0030	1.0030	1.0030	0	0.00
2014/05/07	0.9970	0.9970	0.9970	0.9970	0	0.00
2014/05/08	0.9970	0.9970	0.9970	0.9970	0	0.00
2014/05/09	0.9950	0.9950	0.9950	0.9950	0	0.00
2014/05/12	1.0030	1.0030	1.0030	1.0030	0	0.00
2014/05/13	1.0010	1.0010	1.0010	1.0010	0	0.00
2014/05/14	1.0010	1.0010	1.0010	1.0010	0	0.00
2014/05/15	0.9910	0.9910	0.9910	0.9910	0	0.00
2014/05/16	0.9860	0.9860	0.9860	0.9860	0	0.00
2014/05/19	0.9820	0.9820	0.9820	0.9820	0	0.00
2014/05/20	0.9850	0.9850	0.9850	0.9850	0	0.00
2014/05/21	0.9910	0.9910	0.9910	0.9910	0	0.00
2014/05/22	0.9920	0.9920	0.9920	0.9920	0	0.00
2014/05/23	0.9980	0.9980	0.9980	0.9980	0	0.00
2014/05/26	1.0030	1.0030	1.0030	1.0030	0	0.00
2014/05/27	1.0030	1.0030	1.0030	1.0030	0	0.00
2014/05/28	1.0080	1.0080	1.0080	1.0080	0	0.00
2014/05/29	1.0010	1.0010	1.0010	1.0010	0	0.00
2014/05/30	1.0050	1.0050	1.0050	1.0050	0	0.00
2014/06/03	1.0040	1.0040	1.0040	1.0040	0	0.00
2014/06/04	1.0000	1.0000	1.0000	1.0000	0	0.00
2014/06/05	1.0050	1.0050	1.0050	1.0050	0	0.00
2014/06/06	1.0060	1.0060	1.0060	1.0060	0	0.00
2014/06/09	1.0040	1.0040	1.0040	1.0040	0	0.00
2014/06/10	1.0140	1.0140	1.0140	1.0140	0	0.00
2014/06/11	1.0170	1.0170	1.0170	1.0170	0	0.00
2014/06/12	1.0140	1.0140	1.0140	1.0140	0	0.00
2014/06/13	1.0220	1.0220	1.0220	1.0220	0	0.00
2014/06/16	1.0250	1.0250	1.0250	1.0250	0	0.00
2014/06/17	1.0180	1.0180	1.0180	1.0180	0	0.00
2014/06/18	1.0130	1.0130	1.0130	1.0130	0	0.00
2014/06/19	1.0030	1.0030	1.0030	1.0030	0	0.00
2014/06/20	1.0080	1.0080	1.0080	1.0080	0	0.00
2014/06/23	1.0120	1.0120	1.0120	1.0120	0	0.00
2014/06/24	1.0160	1.0160	1.0160	1.0160	0	0.00
2014/06/25	1.0150	1.0150	1.0150	1.0150	0	0.00
2014/06/26	1.0250	1.0250	1.0250	1.0250	0	0.00
2014/06/27	1.0270	1.0270	1.0270	1.0270	0	0.00
2014/06/30	1.0350	1.0350	1.0350	1.0350	0	0.00
2014/07/01	1.0350	1.0350	1.0350	1.0350	0	0.00
2014/07/02	1.0380	1.0380	1.0380	1.0380	0	0.00
2014/07/03	1.0400	1.0400	1.0400	1.0400	0	0.00
2014/07/04	1.0360	1.0360	1.0360	1.0360	0	0.00
2014/07/07	1.0370	1.0370	1.0370	1.0370	0	0.00
2014/07/08	1.0390	1.0390	1.0390	1.0390	0	0.00
2014/07/09	1.0300	1.0300	1.0300	1.0300	0	0.00
2014/07/10	1.0260	1.0260	1.0260	1.0260	0	0.00
2014/07/11	1.0310	1.0310	1.0310	1.0310	0	0.00
2014/07/14	1.0360	1.0360	1.0360	1.0360	0	0.00
2014/07/15	1.0360	1.0360	1.0360	1.0360	0	0.00
2014/07/16	1.0290	1.0290	1.0290	1.0290	0	0.00
2014/07/17	1.0250	1.0250	1.0250	1.0250	0	0.00
2014/07/18	1.0290	1.0290	1.0290	1.0290	0	0.00
2014/07/21	1.0320	1.0320	1.0320	1.0320	0	0.00
2014/07/22	1.0400	1.0400	1.0400	1.0400	0	0.00
2014/07/23	1.0380	1.0380	1.0380	1.0380	0	0.00
2014/07/24	1.0430	1.0430	1.0430	1.0430	0	0.00
2014/07/25	1.0490	1.0490	1.0490	1.0490	0	0.00
2014/07/28	1.0610	1.0610	1.0610	1.0610	0	0.00
2014/07/29	1.0670	1.0670	1.0670	1.0670	0	0.00
2014/07/30	1.0670	1.0670	1.0670	1.0670	0	0.00
2014/07/31	1.0770	1.0770	1.0770	1.0770	0	0.00
2014/08/01	1.0720	1.0720	1.0720	1.0720	0	0.00
2014/08/04	1.0850	1.0850	1.0850	1.0850	0	0.00
2014/08/05	1.0860	1.0860	1.0860	1.0860	0	0.00
2014/08/06	1.0850	1.0850	1.0850	1.0850	0	0.00
2014/08/07	1.0760	1.0760	1.0760	1.0760	0	0.00
2014/08/08	1.0780	1.0780	1.0780	1.0780	0	0.00
2014/08/11	1.0870	1.0870	1.0870	1.0870	0	0.00
2014/08/12	1.0910	1.0910	1.0910	1.0910	0	0.00
2014/08/13	1.0890	1.0890	1.0890	1.0890	0	0.00
2014/08/14	1.0850	1.0850	1.0850	1.0850	0	0.00
2014/08/15	1.0900	1.0900	1.0900	1.0900	0	0.00
2014/08/18	1.0950	1.0950	1.0950	1.0950	0	0.00
2014/08/19	1.0980	1.0980	1.0980	1.0980	0	0.00
2014/08/20	1.0940	1.0940	1.0940	1.0940	0	0.00
2014/08/21	1.0930	1.0930	1.0930	1.0930	0	0.00
2014/08/22	1.0990	1.0990	1.0990	1.0990	0	0.00
2014/08/25	1.0950	1.0950	1.0950	1.0950	0	0.00
2014/08/26	1.0880	1.0880	1.0880	1.0880	0	0.00
2014/08/27	1.0890	1.0890	1.0890	1.0890	0	0.00
2014/08/28	1.0830	1.0830	1.0830	1.0830	0	0.00
2014/08/29	1.0920	1.0920	1.0920	1.0920	0	0.00
2014/09/01	1.1030	1.1030	1.1030	1.1030	0	0.00
2014/09/02	1.1140	1.1140	1.1140	1.1140	0	0.00
2014/09/03	1.1260	1.1260	1.1260	1.1260	0	0.00
2014/09/04	1.1300	1.1300	1.1300	1.1300	0	0.00
2014/09/05	1.1320	1.1320	1.1320	1.1320	0	0.00
2014/09/09	1.1290	1.1290	1.1290	1.1290	0	0.00
2014/09/10	1.1290	1.1290	1.1290	1.1290	0	0.00
2014/09/11	1.1330	1.1330	1.1330	1.1330	0	0.00
2014/09/12	1.1390	1.1390	1.1390	1.1390	0	0.00
2014/09/15	1.1400	1.1400	1.1400	1.1400	0	0.00
2014/09/16	1.1100	1.1100	1.1100	1.1100	0	0.00
2014/09/17	1.1140	1.1140	1.1140	1.1140	0	0.00
2014/09/18	1.1200	1.1200	1.1200	1.1200	0	0.00
2014/09/19	1.1290	1.1290	1.1290	1.1290	0	0.00
2014/09/22	1.1160	1.1160	1.1160	1.1160	0	0.00
2014/09/23	1.1240	1.1240	1.1240	1.1240	0	0.00
2014/09/24	1.1320	1.1320	1.1320	1.1320	0	0.00
2014/09/25	1.1300	1.1300	1.1300	1.1300	0	0.00
2014/09/26	1.1300	1.1300	1.1300	1.1300	0	0.00
2014/09/29	1.1350	1.1350	1.1350	1.1350	0	0.00
2014/09/30	1.1490	1.1490	1.1490	1.1490	0	0.00
2014/10/08	1.1600	1.1600	1.1600	1.1600	0	0.00
2014/10/09	1.1620	1.1620	1.1620	1.1620	0	0.00
2014/10/10	1.1560	1.1560	1.1560	1.1560	0	0.00
2014/10/13	1.1500	1.1500	1.1500	1.1500	0	0.00
2014/10/14	1.1430	1.1430	1.1430	1.1430	0	0.00
2014/10/15	1.1470	1.1470	1.1470	1.1470	0	0.00
2014/10/16	1.1470	1.1470	1.1470	1.1470	0	0.00
2014/10/17	1.1440	1.1440	1.1440	1.1440	0	0.00
2014/10/20	1.1530	1.1530	1.1530	1.1530	0	0.00
2014/10/21	1.1430	1.1430	1.1430	1.1430	0	0.00
2014/10/22	1.1360	1.1360	1.1360	1.1360	0	0.00
2014/10/23	1.1250	1.1250	1.1250	1.1250	0	0.00
2014/10/24	1.1280	1.1280	1.1280	1.1280	0	0.00
2014/10/27	1.1380	1.1380	1.1380	1.1380	0	0.00
2014/10/28	1.1520	1.1520	1.1520	1.1520	0	0.00
2014/10/29	1.1640	1.1640	1.1640	1.1640	0	0.00
2014/10/30	1.1650	1.1650	1.1650	1.1650	0	0.00
2014/10/31	1.1710	1.1710	1.1710	1.1710	0	0.00
2014/11/03	1.1670	1.1670	1.1670	1.1670	0	0.00
2014/11/04	1.1630	1.1630	1.1630	1.1630	0	0.00
2014/11/05	1.1590	1.1590	1.1590	1.1590	0	0.00
2014/11/06	1.1640	1.1640	1.1640	1.1640	0	0.00
2014/11/07	1.1640	1.1640	1.1640	1.1640	0	0.00
2014/11/10	1.1770	1.1770	1.1770	1.1770	0	0.00
2014/11/11	1.1500	1.1500	1.1500	1.1500	0	0.00
2014/11/12	1.1640	1.1640	1.1640	1.1640	0	0.00
2014/11/13	1.1550	1.1550	1.1550	1.1550	0	0.00
2014/11/14	1.1530	1.1530	1.1530	1.1530	0	0.00
2014/11/17	1.1560	1.1560	1.1560	1.1560	0	0.00
2014/11/18	1.1460	1.1460	1.1460	1.1460	0	0.00
2014/11/19	1.1510	1.1510	1.1510	1.1510	0	0.00
2014/11/20	1.1500	1.1500	1.1500	1.1500	0	0.00
2014/11/21	1.1580	1.1580	1.1580	1.1580	0	0.00
2014/11/24	1.1700	1.1700	1.1700	1.1700	0	0.00
2014/11/25	1.1820	1.1820	1.1820	1.1820	0	0.00
2014/11/26	1.1910	1.1910	1.1910	1.1910	0	0.00
2014/11/27	1.1900	1.1900	1.1900	1.1900	0	0.00
2014/11/28	1.2000	1.2000	1.2000	1.2000	0	0.00
2014/12/01	1.1940	1.1940	1.1940	1.1940	0	0.00
2014/12/02	1.2150	1.2150	1.2150	1.2150	0	0.00
2014/12/03	1.2180	1.2180	1.2180	1.2180	0	0.00
2014/12/04	1.2530	1.2530	1.2530	1.2530	0	0.00
2014/12/05	1.2340	1.2340	1.2340	1.2340	0	0.00
2014/12/08	1.2480	1.2480	1.2480	1.2480	0	0.00
2014/12/09	1.1740	1.1740	1.1740	1.1740	0	0.00
2014/12/10	1.2130	1.2130	1.2130	1.2130	0	0.00
2014/12/11	1.2060	1.2060	1.2060	1.2060	0	0.00
2014/12/12	1.2170	1.2170	1.2170	1.2170	0	0.00
2014/12/15	1.2350	1.2350	1.2350	1.2350	0	0.00
2014/12/16	1.2570	1.2570	1.2570	1.2570	0	0.00
2014/12/17	1.2610	1.2610	1.2610	1.2610	0	0.00
2014/12/18	1.2690	1.2690	1.2690	1.2690	0	0.00
2014/12/19	1.2630	1.2630	1.2630	1.2630	0	0.00
2014/12/22	1.2490	1.2490	1.2490	1.2490	0	0.00
2014/12/23	1.2210	1.2210	1.2210	1.2210	0	0.00
2014/12/24	1.2080	1.2080	1.2080	1.2080	0	0.00
2014/12/25	1.2430	1.2430	1.2430	1.2430	0	0.00
2014/12/26	1.2720	1.2720	1.2720	1.2720	0	0.00
2014/12/29	1.2770	1.2770	1.2770	1.2770	0	0.00
2014/12/30	1.2740	1.2740	1.2740	1.2740	0	0.00
2014/12/31	1.2980	1.2980	1.2980	1.2980	0	0.00
2015/01/05	1.3320	1.3320	1.3320	1.3320	0	0.00
2015/01/06	1.3380	1.3380	1.3380	1.3380	0	0.00
2015/01/07	1.3470	1.3470	1.3470	1.3470	0	0.00
2015/01/08	1.3200	1.3200	1.3200	1.3200	0	0.00
2015/01/09	1.3170	1.3170	1.3170	1.3170	0	0.00
2015/01/12	1.3010	1.3010	1.3010	1.3010	0	0.00
2015/01/13	1.3100	1.3100	1.3100	1.3100	0	0.00
2015/01/14	1.3100	1.3100	1.3100	1.3100	0	0.00
2015/01/15	1.3420	1.3420	1.3420	1.3420	0	0.00
2015/01/16	1.3650	1.3650	1.3650	1.3650	0	0.00
2015/01/19	1.3010	1.3010	1.3010	1.3010	0	0.00
2015/01/20	1.3370	1.3370	1.3370	1.3370	0	0.00
2015/01/21	1.3820	1.3820	1.3820	1.3820	0	0.00
2015/01/22	1.3870	1.3870	1.3870	1.3870	0	0.00
2015/01/23	1.3770	1.3770	1.3770	1.3770	0	0.00
2015/01/26	1.3940	1.3940	1.3940	1.3940	0	0.00
2015/01/27	1.3830	1.3830	1.3830	1.3830	0	0.00
2015/01/28	1.3640	1.3640	1.3640	1.3640	0	0.00
2015/01/29	1.3440	1.3440	1.3440	1.3440	0	0.00
2015/01/30	1.3340	1.3340	1.3340	1.3340	0	0.00
2015/02/02	1.3010	1.3010	1.3010	1.3010	0	0.00
2015/02/03	1.3260	1.3260	1.3260	1.3260	0	0.00
2015/02/04	1.3200	1.3200	1.3200	1.3200	0	0.00
2015/02/05	1.3160	1.3160	1.3160	1.3160	0	0.00
2015/02/06	1.2890	1.2890	1.2890	1.2890	0	0.00
2015/02/09	1.2930	1.2930	1.2930	1.2930	0	0.00
2015/02/10	1.3150	1.3150	1.3150	1.3150	0	0.00
2015/02/11	1.3310	1.3310	1.3310	1.3310	0	0.00
2015/02/12	1.3380	1.3380	1.3380	1.3380	0	0.00
2015/02/13	1.3640	1.3640	1.3640	1.3640	0	0.00
2015/02/16	1.3850	1.3850	1.3850	1.3850	0	0.00
2015/02/17	1.3910	1.3910	1.3910	1.3910	0	0.00
2015/02/25	1.3830	1.3830	1.3830	1.3830	0	0.00
2015/02/26	1.4020	1.4020	1.4020	1.4020	0	0.00
2015/02/27	1.4090	1.4090	1.4090	1.4090	0	0.00
2015/03/02	1.4200	1.4200	1.4200	1.4200	0	0.00
2015/03/03	1.4050	1.4050	1.4050	1.4050	0	0.00
2015/03/04	1.4200	1.4200	1.4200	1.4200	0	0.00
2015/03/05	1.4300	1.4300	1.4300	1.4300	0	0.00
2015/03/06	1.4070	1.4070	1.4070	1.4070	0	0.00
2015/03/09	1.4200	1.4200	1.4200	1.4200	0	0.00
2015/03/10	1.4370	1.4370	1.4370	1.4370	0	0.00
2015/03/11	1.4380	1.4380	1.4380	1.4380	0	0.00
2015/03/12	1.4350	1.4350	1.4350	1.4350	0	0.00
2015/03/13	1.4500	1.4500	1.4500	1.4500	0	0.00
2015/03/16	1.4890	1.4890	1.4890	1.4890	0	0.00
2015/03/17	1.5060	1.5060	1.5060	1.5060	0	0.00
2015/03/18	1.5190	1.5190	1.5190	1.5190	0	0.00
2015/03/19	1.5210	1.5210	1.5210	1.5210	0	0.00
2015/03/20	1.5330	1.5330	1.5330	1.5330	0	0.00
2015/03/23	1.5760	1.5760	1.5760	1.5760	0	0.00
2015/03/24	1.6080	1.6080	1.6080	1.6080	0	0.00
2015/03/25	1.6150	1.6150	1.6150	1.6150	0	0.00
2015/03/26	1.5800	1.5800	1.5800	1.5800	0	0.00
2015/03/27	1.5950	1.5950	1.5950	1.5950	0	0.00
2015/03/30	1.5910	1.5910	1.5910	1.5910	0	0.00
2015/03/31	1.5950	1.5950	1.5950	1.5950	0	0.00
2015/04/01	1.6290	1.6290	1.6290	1.6290	0	0.00
2015/04/02	1.6450	1.6450	1.6450	1.6450	0	0.00
2015/04/03	1.6830	1.6830	1.6830	1.6830	0	0.00
2015/04/07	1.7130	1.7130	1.7130	1.7130	0	0.00
2015/04/08	1.6950	1.6950	1.6950	1.6950	0	0.00
2015/04/09	1.6880	1.6880	1.6880	1.6880	0	0.00
2015/04/10	1.7310	1.7310	1.7310	1.7310	0	0.00
2015/04/13	1.7610	1.7610	1.7610	1.7610	0	0.00
2015/04/14	1.7640	1.7640	1.7640	1.7640	0	0.00
2015/04/15	1.6950	1.6950	1.6950	1.6950	0	0.00
2015/04/16	1.7110	1.7110	1.7110	1.7110	0	0.00
2015/04/17	1.7190	1.7190	1.7190	1.7190	0	0.00
2015/04/20	1.6770	1.6770	1.6770	1.6770	0	0.00
2015/04/21	1.7270	1.7270	1.7270	1.7270	0	0.00
2015/04/22	1.7710	1.7710	1.7710	1.7710	0	0.00
2015/04/23	1.7920	1.7920	1.7920	1.7920	0	0.00
2015/04/24	1.7790	1.7790	1.7790	1.7790	0	0.00
2015/04/27	1.7860	1.7860	1.7860	1.7860	0	0.00
2015/04/28	1.7270	1.7270	1.7270	1.7270	0	0.00
2015/04/29	1.7610	1.7610	1.7610	1.7610	0	0.00
2015/04/30	1.7900	1.7900	1.7900	1.7900	0	0.00
2015/05/04	1.8110	1.8110	1.8110	1.8110	0	0.00
2015/05/05	1.7800	1.7800	1.7800	1.7800	0	0.00
2015/05/06	1.7890	1.7890	1.7890	1.7890	0	0.00
2015/05/07	1.7770	1.7770	1.7770	1.7770	0	0.00
2015/05/08	1.8450	1.8450	1.8450	1.8450	0	0.00
2015/05/11	1.9290	1.9290	1.9290	1.9290	0	0.00
2015/05/12	1.9740	1.9740	1.9740	1.9740	0	0.00
2015/05/13	1.9690	1.9690	1.9690	1.9690	0	0.00
2015/05/14	1.9660	1.9660	1.9660	1.9660	0	0.00
2015/05/15	1.9640	1.9640	1.9640	1.9640	0	0.00
2015/05/18	2.0080	2.0080	2.0080	2.0080	0	0.00
2015/05/19	2.0500	2.0500	2.0500	2.0500	0	0.00
2015/05/20	2.0970	2.0970	2.0970	2.0970	0	0.00
2015/05/21	2.1580	2.1580	2.1580	2.1580	0	0.00
2015/05/22	2.1540	2.1540	2.1540	2.1540	0	0.00
2015/05/25	2.1560	2.1560	2.1560	2.1560	0	0.00
2015/05/26	2.2050	2.2050	2.2050	2.2050	0	0.00
2015/05/27	2.1990	2.1990	2.1990	2.1990	0	0.00
2015/05/28	2.1110	2.1110	2.1110	2.1110	0	0.00
2015/05/29	2.1360	2.1360	2.1360	2.1360	0	0.00
2015/06/01	2.2000	2.2000	2.2000	2.2000	0	0.00
2015/06/02	2.2480	2.2480	2.2480	2.2480	0	0.00
2015/06/03	2.2860	2.2860	2.2860	2.2860	0	0.00
2015/06/04	2.2760	2.2760	2.2760	2.2760	0	0.00
2015/06/05	2.2740	2.2740	2.2740	2.2740	0	0.00
2015/06/08	2.2150	2.2150	2.2150	2.2150	0	0.00
2015/06/09	2.2170	2.2170	2.2170	2.2170	0	0.00
2015/06/10	2.2750	2.2750	2.2750	2.2750	0	0.00
2015/06/11	2.3110	2.3110	2.3110	2.3110	0	0.00
2015/06/12	2.3580	2.3580	2.3580	2.3580	0	0.00
2015/06/15	2.2920	2.2920	2.2920	2.2920	0	0.00
2015/06/16	2.1700	2.1700	2.1700	2.1700	0	0.00
2015/06/17	2.2370	2.2370	2.2370	2.2370	0	0.00
2015/06/18	2.1600	2.1600	2.1600	2.1600	0	0.00
2015/06/19	2.0780	2.0780	2.0780	2.0780	0	0.00
2015/06/23	2.0640	2.0640	2.0640	2.0640	0	0.00
2015/06/24	2.0800	2.0800	2.0800	2.0800	0	0.00
2015/06/25	2.0010	2.0010	2.0010	2.0010	0	0.00
2015/06/26	1.8860	1.8860	1.8860	1.8860	0	0.00
2015/06/29	1.7900	1.7900	1.7900	1.7900	0	0.00
2015/06/30	1.8640	1.8640	1.8640	1.8640	0	0.00
2015/07/01	1.8160	1.8160	1.8160	1.8160	0	0.00
2015/07/02	1.7540	1.7540	1.7540	1.7540	0	0.00
2015/07/03	1.6890	1.6890	1.6890	1.6890	0	0.00
2015/07/06	1.6400	1.6400	1.6400	1.6400	0	0.00
2015/07/07	1.5890	1.5890	1.5890	1.5890	0	0.00
2015/07/08	1.5580	1.5580	1.5580	1.5580	0	0.00
2015/07/09	1.5810	1.5810	1.5810	1.5810	0	0.00
2015/07/10	1.6130	1.6130	1.6130	1.6130	0	0.00
2015/07/13	1.6880	1.6880	1.6880	1.6880	0	0.00
2015/07/14	1.7040	1.7040	1.7040	1.7040	0	0.00
2015/07/15	1.6640	1.6640	1.6640	1.6640	0	0.00
2015/07/16	1.6660	1.6660	1.6660	1.6660	0	0.00
2015/07/17	1.7210	1.7210	1.7210	1.7210	0	0.00
2015/07/20	1.7520	1.7520	1.7520	1.7520	0	0.00
2015/07/21	1.7660	1.7660	1.7660	1.7660	0	0.00
2015/07/22	1.7910	1.7910	1.7910	1.7910	0	0.00
2015/07/23	1.8280	1.8280	1.8280	1.8280	0	0.00
2015/07/24	1.8090	1.8090	1.8090	1.8090	0	0.00
2015/07/27	1.7270	1.7270	1.7270	1.7270	0	0.00
2015/07/28	1.6960	1.6960	1.6960	1.6960	0	0.00
2015/07/29	1.7360	1.7360	1.7360	1.7360	0	0.00
2015/07/30	1.6930	1.6930	1.6930	1.6930	0	0.00
2015/07/31	1.6700	1.6700	1.6700	1.6700	0	0.00
2015/08/03	1.6150	1.6150	1.6150	1.6150	0	0.00
2015/08/04	1.6650	1.6650	1.6650	1.6650	0	0.00
2015/08/05	1.6540	1.6540	1.6540	1.6540	0	0.00
2015/08/06	1.6560	1.6560	1.6560	1.6560	0	0.00
2015/08/07	1.6830	1.6830	1.6830	1.6830	0	0.00
2015/08/10	1.7300	1.7300	1.7300	1.7300	0	0.00
2015/08/11	1.7340	1.7340	1.7340	1.7340	0	0.00
2015/08/12	1.7030	1.7030	1.7030	1.7030	0	0.00
2015/08/13	1.7230	1.7230	1.7230	1.7230	0	0.00
2015/08/14	1.7180	1.7180	1.7180	1.7180	0	0.00
2015/08/17	1.7210	1.7210	1.7210	1.7210	0	0.00
2015/08/18	1.6550	1.6550	1.6550	1.6550	0	0.00
2015/08/19	1.6780	1.6780	1.6780	1.6780	0	0.00
2015/08/20	1.6650	1.6650	1.6650	1.6650	0	0.00
2015/08/21	1.6110	1.6110	1.6110	1.6110	0	0.00
2015/08/24	1.5490	1.5490	1.5490	1.5490	0	0.00
2015/08/25	1.4970	1.4970	1.4970	1.4970	0	0.00
2015/08/26	1.4800	1.4800	1.4800	1.4800	0	0.00
2015/08/27	1.5130	1.5130	1.5130	1.5130	0	0.00
2015/08/28	1.5590	1.5590	1.5590	1.5590	0	0.00
2015/08/31	1.5220	1.5220	1.5220	1.5220	0	0.00
2015/09/01	1.4750	1.4750	1.4750	1.4750	0	0.00
2015/09/02	1.4600	1.4600	1.4600	1.4600	0	0.00
2015/09/07	1.4690	1.4690	1.4690	1.4690	0	0.00
2015/09/08	1.5140	1.5140	1.5140	1.5140	0	0.00
2015/09/09	1.5510	1.5510	1.5510	1.5510	0	0.00
2015/09/10	1.5450	1.5450	1.5450	1.5450	0	0.00
2015/09/11	1.5440	1.5440	1.5440	1.5440	0	0.00
2015/09/14	1.4820	1.4820	1.4820	1.4820	0	0.00
2015/09/15	1.4480	1.4480	1.4480	1.4480	0	0.00
2015/09/16	1.5040	1.5040	1.5040	1.5040	0	0.00
2015/09/17	1.5030	1.5030	1.5030	1.5030	0	0.00
2015/09/18	1.5230	1.5230	1.5230	1.5230	0	0.00
2015/09/21	1.5660	1.5660	1.5660	1.5660	0	0.00
2015/09/22	1.5710	1.5710	1.5710	1.5710	0	0.00
2015/09/23	1.5670	1.5670	1.5670	1.5670	0	0.00
2015/09/24	1.5760	1.5760	1.5760	1.5760	0	0.00
2015/09/25	1.5360	1.5360	1.5360	1.5360	0	0.00
2015/09/28	1.5740	1.5740	1.5740	1.5740	0	0.00
2015/09/29	1.5690	1.5690	1.5690	1.5690	0	0.00
2015/09/30	1.5690	1.5690	1.5690	1.5690	0	0.00
2015/10/08	1.6090	1.6090	1.6090	1.6090	0	0.00
2015/10/09	1.6300	1.6300	1.6300	1.6300	0	0.00
2015/10/12	1.6850	1.6850	1.6850	1.6850	0	0.00
2015/10/13	1.6980	1.6980	1.6980	1.6980	0	0.00
2015/10/14	1.6730	1.6730	1.6730	1.6730	0	0.00
2015/10/15	1.7250	1.7250	1.7250	1.7250	0	0.00
2015/10/16	1.7510	1.7510	1.7510	1.7510	0	0.00
2015/10/19	1.7610	1.7610	1.7610	1.7610	0	0.00
2015/10/20	1.7850	1.7850	1.7850	1.7850	0	0.00
2015/10/21	1.6890	1.6890	1.6890	1.6890	0	0.00
2015/10/22	1.7500	1.7500	1.7500	1.7500	0	0.00
2015/10/23	1.8010	1.8010	1.8010	1.8010	0	0.00
2015/10/26	1.7960	1.7960	1.7960	1.7960	0	0.00
2015/10/27	1.8080	1.8080	1.8080	1.8080	0	0.00
2015/10/28	1.7720	1.7720	1.7720	1.7720	0	0.00
2015/10/29	1.7880	1.7880	1.7880	1.7880	0	0.00
2015/10/30	1.8060	1.8060	1.8060	1.8060	0	0.00
2015/11/02	1.7810	1.7810	1.7810	1.7810	0	0.00
2015/11/03	1.7720	1.7720	1.7720	1.7720	0	0.00
2015/11/04	1.8370	1.8370	1.8370	1.8370	0	0.00
2015/11/09	1.9400	1.9400	1.9400	1.9400	0	0.00
2015/11/10	1.9650	1.9650	1.9650	1.9650	0	0.00
2015/11/11	2.0140	2.0140	2.0140	2.0140	0	0.00
2015/11/12	2.0260	2.0260	2.0260	2.0260	0	0.00
2015/11/13	1.9820	1.9820	1.9820	1.9820	0	0.00
2015/11/16	2.0280	2.0280	2.0280	2.0280	0	0.00
2015/11/17	1.9990	1.9990	1.9990	1.9990	0	0.00
2015/11/18	1.9700	1.9700	1.9700	1.9700	0	0.00
2015/11/19	2.0280	2.0280	2.0280	2.0280	0	0.00
2015/11/20	2.0510	2.0510	2.0510	2.0510	0	0.00
2015/11/23	2.0250	2.0250	2.0250	2.0250	0	0.00
2015/11/24	2.0460	2.0460	2.0460	2.0460	0	0.00
2015/11/25	2.0880	2.0880	2.0880	2.0880	0	0.00
2015/11/26	2.0810	2.0810	2.0810	2.0810	0	0.00
2015/11/27	2.0060	2.0060	2.0060	2.0060	0	0.00
2015/11/30	2.0260	2.0260	2.0260	2.0260	0	0.00
2015/12/01	2.0160	2.0160	2.0160	2.0160	0	0.00
2015/12/02	2.0120	2.0120	2.0120	2.0120	0	0.00
2015/12/03	2.0670	2.0670	2.0670	2.0670	0	0.00
2015/12/04	2.0550	2.0550	2.0550	2.0550	0	0.00
2015/12/07	2.0850	2.0850	2.0850	2.0850	0	0.00
2015/12/08	2.0730	2.0730	2.0730	2.0730	0	0.00
2015/12/09	2.0820	2.0820	2.0820	2.0820	0	0.00
2015/12/10	2.0670	2.0670	2.0670	2.0670	0	0.00
2015/12/11	2.0310	2.0310	2.0310	2.0310	0	0.00
2015/12/14	2.0340	2.0340	2.0340	2.0340	0	0.00
2015/12/15	2.0560	2.0560	2.0560	2.0560	0	0.00
2015/12/16	2.0640	2.0640	2.0640	2.0640	0	0.00
2015/12/17	2.0980	2.0980	2.0980	2.0980	0	0.00
2015/12/18	2.0860	2.0860	2.0860	2.0860	0	0.00
2015/12/21	2.0870	2.0870	2.0870	2.0870	0	0.00
2015/12/22	2.1100	2.1100	2.1100	2.1100	0	0.00
2015/12/23	2.0920	2.0920	2.0920	2.0920	0	0.00
2015/12/24	2.1150	2.1150	2.1150	2.1150	0	0.00
2015/12/25	2.1270	2.1270	2.1270	2.1270	0	0.00
2015/12/28	2.1020	2.1020	2.1020	2.1020	0	0.00
2015/12/29	2.1000	2.1000	2.1000	2.1000	0	0.00
2015/12/30	2.1200	2.1200	2.1200	2.1200	0	0.00
2015/12/31	2.0760	2.0760	2.0760	2.0760	0	0.00
2016/01/04	1.9410	1.9410	1.9410	1.9410	0	0.00
2016/01/05	1.8900	1.8900	1.8900	1.8900	0	0.00
2016/01/06	1.9190	1.9190	1.9190	1.9190	0	0.00
2016/01/07	1.8130	1.8130	1.8130	1.8130	0	0.00
2016/01/08	1.8220	1.8220	1.8220	1.8220	0	0.00
2016/01/11	1.7550	1.7550	1.7550	1.7550	0	0.00
2016/01/12	1.7590	1.7590	1.7590	1.7590	0	0.00
2016/01/13	1.7080	1.7080	1.7080	1.7080	0	0.00
2016/01/14	1.7430	1.7430	1.7430	1.7430	0	0.00
2016/01/15	1.6990	1.6990	1.6990	1.6990	0	0.00
2016/01/18	1.7180	1.7180	1.7180	1.7180	0	0.00
2016/01/19	1.7580	1.7580	1.7580	1.7580	0	0.00
2016/01/20	1.7410	1.7410	1.7410	1.7410	0	0.00
2016/01/21	1.6980	1.6980	1.6980	1.6980	0	0.00
2016/01/22	1.7100	1.7100	1.7100	1.7100	0	0.00
2016/01/25	1.7280	1.7280	1.7280	1.7280	0	0.00
2016/01/26	1.6760	1.6760	1.6760	1.6760	0	0.00
2016/01/27	1.6560	1.6560	1.6560	1.6560	0	0.00
2016/01/28	1.6160	1.6160	1.6160	1.6160	0	0.00
2016/01/29	1.6370	1.6370	1.6370	1.6370	0	0.00
2016/02/01	1.6270	1.6270	1.6270	1.6270	0	0.00
2016/02/02	1.6540	1.6540	1.6540	1.6540	0	0.00
2016/02/03	1.6630	1.6630	1.6630	1.6630	0	0.00
2016/02/04	1.6850	1.6850	1.6850	1.6850	0	0.00
2016/02/05	1.6790	1.6790	1.6790	1.6790	0	0.00
2016/02/15	1.6850	1.6850	1.6850	1.6850	0	0.00
2016/02/16	1.7160	1.7160	1.7160	1.7160	0	0.00
2016/02/17	1.7260	1.7260	1.7260	1.7260	0	0.00
2016/02/18	1.7180	1.7180	1.7180	1.7180	0	0.00
2016/02/19	1.7200	1.7200	1.7200	1.7200	0	0.00
2016/02/22	1.7410	1.7410	1.7410	1.7410	0	0.00
2016/02/23	1.7290	1.7290	1.7290	1.7290	0	0.00
2016/02/24	1.7170	1.7170	1.7170	1.7170	0	0.00
2016/02/25	1.6320	1.6320	1.6320	1.6320	0	0.00
2016/02/26	1.6320	1.6320	1.6320	1.6320	0	0.00
2016/02/29	1.5820	1.5820	1.5820	1.5820	0	0.00
2016/03/01	1.5970	1.5970	1.5970	1.5970	0	0.00
2016/03/02	1.6500	1.6500	1.6500	1.6500	0	0.00
2016/03/03	1.6440	1.6440	1.6440	1.6440	0	0.00
2016/03/04	1.6190	1.6190	1.6190	1.6190	0	0.00
2016/03/07	1.6390	1.6390	1.6390	1.6390	0	0.00
2016/03/08	1.6540	1.6540	1.6540	1.6540	0	0.00
2016/03/09	1.6340	1.6340	1.6340	1.6340	0	0.00
2016/03/10	1.6210	1.6210	1.6210	1.6210	0	0.00
2016/03/11	1.6200	1.6200	1.6200	1.6200	0	0.00
2016/03/14	1.6500	1.6500	1.6500	1.6500	0	0.00
2016/03/15	1.6460	1.6460	1.6460	1.6460	0	0.00
2016/03/16	1.6420	1.6420	1.6420	1.6420	0	0.00
2016/03/17	1.6870	1.6870	1.6870	1.6870	0	0.00
2016/03/18	1.7220	1.7220	1.7220	1.7220	0	0.00
2016/03/21	1.7520	1.7520	1.7520	1.7520	0	0.00
2016/03/22	1.7420	1.7420	1.7420	1.7420	0	0.00
2016/03/23	1.7410	1.7410	1.7410	1.7410	0	0.00
2016/03/24	1.7330	1.7330	1.7330	1.7330	0	0.00
2016/03/25	1.7310	1.7310	1.7310	1.7310	0	0.00
2016/03/28	1.7280	1.7280	1.7280	1.7280	0	0.00
2016/03/29	1.6990	1.6990	1.6990	1.6990	0	0.00
2016/03/30	1.7450	1.7450	1.7450	1.7450	0	0.00
2016/03/31	1.7610	1.7610	1.7610	1.7610	0	0.00
2016/04/01	1.7530	1.7530	1.7530	1.7530	0	0.00
2016/04/05	1.7860	1.7860	1.7860	1.7860	0	0.00
2016/04/06	1.8040	1.8040	1.8040	1.8040	0	0.00
2016/04/07	1.7780	1.7780	1.7780	1.7780	0	0.00
2016/04/08	1.7740	1.7740	1.7740	1.7740	0	0.00
2016/04/11	1.8070	1.8070	1.8070	1.8070	0	0.00
2016/04/12	1.7930	1.7930	1.7930	1.7930	0	0.00
2016/04/13	1.8110	1.8110	1.8110	1.8110	0	0.00
2016/04/14	1.8330	1.8330	1.8330	1.8330	0	0.00
2016/04/15	1.8270	1.8270	1.8270	1.8270	0	0.00
2016/04/18	1.8070	1.8070	1.8070	1.8070	0	0.00
2016/04/19	1.8110	1.8110	1.8110	1.8110	0	0.00
2016/04/20	1.7590	1.7590	1.7590	1.7590	0	0.00
2016/04/21	1.7480	1.7480	1.7480	1.7480	0	0.00
2016/04/22	1.7660	1.7660	1.7660	1.7660	0	0.00
2016/04/25	1.7550	1.7550	1.7550	1.7550	0	0.00
2016/04/26	1.7710	1.7710	1.7710	1.7710	0	0.00
2016/04/27	1.7820	1.7820	1.7820	1.7820	0	0.00
2016/04/28	1.7790	1.7790	1.7790	1.7790	0	0.00
2016/04/29	1.7860	1.7860	1.7860	1.7860	0	0.00
2016/05/03	1.8280	1.8280	1.8280	1.8280	0	0.00
2016/05/04	1.8320	1.8320	1.8320	1.8320	0	0.00
2016/05/05	1.8350	1.8350	1.8350	1.8350	0	0.00
2016/05/06	1.7880	1.7880	1.7880	1.7880	0	0.00
2016/05/09	1.7520	1.7520	1.7520	1.7520	0	0.00
2016/05/10	1.7540	1.7540	1.7540	1.7540	0	0.00
2016/05/11	1.7470	1.7470	1.7470	1.7470	0	0.00
2016/05/12	1.7540	1.7540	1.7540	1.7540	0	0.00
2016/05/13	1.7510	1.7510	1.7510	1.7510	0	0.00
2016/05/16	1.7860	1.7860	1.7860	1.7860	0	0.00
2016/05/17	1.7930	1.7930	1.7930	1.7930	0	0.00
2016/05/18	1.7560	1.7560	1.7560	1.7560	0	0.00
2016/05/19	1.7620	1.7620	1.7620	1.7620	0	0.00
2016/05/20	1.7780	1.7780	1.7780	1.7780	0	0.00
2016/05/23	1.8040	1.8040	1.8040	1.8040	0	0.00
2016/05/24	1.7820	1.7820	1.7820	1.7820	0	0.00
2016/05/25	1.7750	1.7750	1.7750	1.7750	0	0.00
2016/05/26	1.7720	1.7720	1.7720	1.7720	0	0.00
2016/05/27	1.7680	1.7680	1.7680	1.7680	0	0.00
2016/05/30	1.7590	1.7590	1.7590	1.7590	0	0.00
2016/05/31	1.8130	1.8130	1.8130	1.8130	0	0.00
2016/06/01	1.8210	1.8210	1.8210	1.8210	0	0.00
2016/06/02	1.8310	1.8310	1.8310	1.8310	0	0.00
2016/06/03	1.8310	1.8310	1.8310	1.8310	0	0.00
2016/06/06	1.8390	1.8390	1.8390	1.8390	0	0.00
2016/06/07	1.8550	1.8550	1.8550	1.8550	0	0.00
2016/06/08	1.8580	1.8580	1.8580	1.8580	0	0.00
2016/06/13	1.8020	1.8020	1.8020	1.8020	0	0.00
2016/06/14	1.8060	1.8060	1.8060	1.8060	0	0.00
2016/06/15	1.8470	1.8470	1.8470	1.8470	0	0.00
2016/06/16	1.8480	1.8480	1.8480	1.8480	0	0.00
2016/06/17	1.8490	1.8490	1.8490	1.8490	0	0.00
2016/06/20	1.8660	1.8660	1.8660	1.8660	0	0.00
2016/06/21	1.8580	1.8580	1.8580	1.8580	0	0.00
2016/06/22	1.8880	1.8880	1.8880	1.8880	0	0.00
2016/06/23	1.8780	1.8780	1.8780	1.8780	0	0.00
2016/06/24	1.8800	1.8800	1.8800	1.8800	0	0.00
2016/06/27	1.9130	1.9130	1.9130	1.9130	0	0.00
2016/06/28	1.9280	1.9280	1.9280	1.9280	0	0.00
2016/06/29	1.9340	1.9340	1.9340	1.9340	0	0.00
2016/06/30	1.9340	1.9340	1.9340	1.9340	0	0.00
2016/07/01	1.9340	1.9340	1.9340	1.9340	0	0.00
2016/07/04	1.9560	1.9560	1.9560	1.9560	0	0.00
2016/07/05	1.9590	1.9590	1.9590	1.9590	0	0.00
2016/07/06	1.9590	1.9590	1.9590	1.9590	0	0.00
2016/07/07	1.9770	1.9770	1.9770	1.9770	0	0.00
2016/07/08	1.9700	1.9700	1.9700	1.9700	0	0.00
2016/07/11	1.9640	1.9640	1.9640	1.9640	0	0.00
2016/07/12	1.9680	1.9680	1.9680	1.9680	0	0.00
2016/07/13	1.9710	1.9710	1.9710	1.9710	0	0.00
2016/07/14	1.9720	1.9720	1.9720	1.9720	0	0.00
2016/07/15	1.9720	1.9720	1.9720	1.9720	0	0.00
2016/07/18	1.9730	1.9730	1.9730	1.9730	0	0.00
2016/07/19	1.9690	1.9690	1.9690	1.9690	0	0.00
2016/07/20	1.9750	1.9750	1.9750	1.9750	0	0.00
2016/07/21	1.9730	1.9730	1.9730	1.9730	0	0.00
2016/07/22	1.9490	1.9490	1.9490	1.9490	0	0.00
2016/07/25	1.9480	1.9480	1.9480	1.9480	0	0.00
2016/07/26	1.9640	1.9640	1.9640	1.9640	0	0.00
2016/07/27	1.9170	1.9170	1.9170	1.9170	0	0.00
2016/07/28	1.9090	1.9090	1.9090	1.9090	0	0.00
2016/07/29	1.9060	1.9060	1.9060	1.9060	0	0.00
2016/08/01	1.8870	1.8870	1.8870	1.8870	0	0.00
2016/08/02	1.9010	1.9010	1.9010	1.9010	0	0.00
2016/08/03	1.9040	1.9040	1.9040	1.9040	0	0.00
2016/08/04	1.9130	1.9130	1.9130	1.9130	0	0.00
2016/08/05	1.9090	1.9090	1.9090	1.9090	0	0.00
2016/08/08	1.9170	1.9170	1.9170	1.9170	0	0.00
2016/08/09	1.9330	1.9330	1.9330	1.9330	0	0.00
2016/08/10	1.9230	1.9230	1.9230	1.9230	0	0.00
2016/08/11	1.9000	1.9000	1.9000	1.9000	0	0.00
2016/08/12	1.9030	1.9030	1.9030	1.9030	0	0.00
2016/08/15	1.9350	1.9350	1.9350	1.9350	0	0.00
2016/08/16	1.9470	1.9470	1.9470	1.9470	0	0.00
2016/08/17	1.9470	1.9470	1.9470	1.9470	0	0.00
2016/08/18	1.9460	1.9460	1.9460	1.9460	0	0.00
2016/08/19	1.9480	1.9480	1.9480	1.9480	0	0.00
2016/08/22	1.9320	1.9320	1.9320	1.9320	0	0.00
2016/08/23	1.9380	1.9380	1.9380	1.9380	0	0.00
2016/08/24	1.9570	1.9570	1.9570	1.9570	0	0.00
2016/08/25	1.9520	1.9520	1.9520	1.9520	0	0.00
2016/08/26	1.9680	1.9680	1.9680	1.9680	0	0.00
2016/08/29	1.9610	1.9610	1.9610	1.9610	0	0.00
2016/08/30	1.9560	1.9560	1.9560	1.9560	0	0.00
2016/08/31	1.9460	1.9460	1.9460	1.9460	0	0.00
2016/09/01	1.9390	1.9390	1.9390	1.9390	0	0.00
2016/09/02	1.9290	1.9290	1.9290	1.9290	0	0.00
2016/09/05	1.9330	1.9330	1.9330	1.9330	0	0.00
2016/09/06	1.9520	1.9520	1.9520	1.9520	0	0.00
2016/09/07	1.9620	1.9620	1.9620	1.9620	0	0.00
2016/09/08	1.9710	1.9710	1.9710	1.9710	0	0.00
2016/09/09	1.9760	1.9760	1.9760	1.9760	0	0.00
2016/09/12	1.9440	1.9440	1.9440	1.9440	0	0.00
2016/09/13	1.9420	1.9420	1.9420	1.9420	0	0.00
2016/09/14	1.9380	1.9380	1.9380	1.9380	0	0.00
2016/09/19	1.9590	1.9590	1.9590	1.9590	0	0.00
2016/09/20	1.9760	1.9760	1.9760	1.9760	0	0.00
2016/09/21	1.9980	1.9980	1.9980	1.9980	0	0.00
2016/09/22	2.0320	2.0320	2.0320	2.0320	0	0.00
2016/09/23	2.0370	2.0370	2.0370	2.0370	0	0.00
2016/09/26	2.0000	2.0000	2.0000	2.0000	0	0.00
2016/09/27	1.9980	1.9980	1.9980	1.9980	0	0.00
2016/09/28	1.9950	1.9950	1.9950	1.9950	0	0.00
2016/09/29	1.9940	1.9940	1.9940	1.9940	0	0.00
2016/09/30	2.0030	2.0030	2.0030	2.0030	0	0.00
2016/10/10	2.0580	2.0580	2.0580	2.0580	0	0.00
2016/10/11	2.0880	2.0880	2.0880	2.0880	0	0.00
2016/10/12	2.0820	2.0820	2.0820	2.0820	0	0.00
2016/10/13	2.0890	2.0890	2.0890	2.0890	0	0.00
2016/10/14	2.0950	2.0950	2.0950	2.0950	0	0.00
2016/10/17	2.0880	2.0880	2.0880	2.0880	0	0.00
2016/10/18	2.1050	2.1050	2.1050	2.1050	0	0.00
2016/10/19	2.0980	2.0980	2.0980	2.0980	0	0.00
2016/10/20	2.1020	2.1020	2.1020	2.1020	0	0.00
2016/10/21	2.0930	2.0930	2.0930	2.0930	0	0.00
2016/10/24	2.0960	2.0960	2.0960	2.0960	0	0.00
2016/10/25	2.0800	2.0800	2.0800	2.0800	0	0.00
2016/10/26	2.0750	2.0750	2.0750	2.0750	0	0.00
2016/10/27	2.0750	2.0750	2.0750	2.0750	0	0.00
2016/10/28	2.0640	2.0640	2.0640	2.0640	0	0.00
2016/10/31	2.0710	2.0710	2.0710	2.0710	0	0.00
2016/11/01	2.1010	2.1010	2.1010	2.1010	0	0.00
2016/11/02	2.0870	2.0870	2.0870	2.0870	0	0.00
2016/11/03	2.0940	2.0940	2.0940	2.0940	0	0.00
2016/11/04	2.0870	2.0870	2.0870	2.0870	0	0.00
2016/11/07	2.0850	2.0850	2.0850	2.0850	0	0.00
2016/11/08	2.0940	2.0940	2.0940	2.0940	0	0.00
2016/11/09	2.0730	2.0730	2.0730	2.0730	0	0.00
2016/11/10	2.1010	2.1010	2.1010	2.1010	0	0.00
2016/11/11	2.1180	2.1180	2.1180	2.1180	0	0.00
2016/11/14	2.1150	2.1150	2.1150	2.1150	0	0.00
2016/11/15	2.1130	2.1130	2.1130	2.1130	0	0.00
2016/11/16	2.1190	2.1190	2.1190	2.1190	0	0.00
2016/11/17	2.1120	2.1120	2.1120	2.1120	0	0.00
2016/11/18	2.1110	2.1110	2.1110	2.1110	0	0.00
2016/11/21	2.1220	2.1220	2.1220	2.1220	0	0.00
2016/11/22	2.1330	2.1330	2.1330	2.1330	0	0.00
2016/11/23	2.1270	2.1270	2.1270	2.1270	0	0.00
2016/11/24	2.1230	2.1230	2.1230	2.1230	0	0.00
2016/11/25	2.1270	2.1270	2.1270	2.1270	0	0.00
2016/11/28	2.1310	2.1310	2.1310	2.1310	0	0.00
2016/11/29	2.1230	2.1230	2.1230	2.1230	0	0.00
2016/11/30	2.1180	2.1180	2.1180	2.1180	0	0.00
2016/12/01	2.1370	2.1370	2.1370	2.1370	0	0.00
2016/12/02	2.1050	2.1050	2.1050	2.1050	0	0.00
2016/12/05	2.1010	2.1010	2.1010	2.1010	0	0.00
2016/12/06	2.1000	2.1000	2.1000	2.1000	0	0.00
2016/12/07	2.1120	2.1120	2.1120	2.1120	0	0.00
2016/12/08	2.1070	2.1070	2.1070	2.1070	0	0.00
2016/12/09	2.1020	2.1020	2.1020	2.1020	0	0.00
2016/12/12	2.0350	2.0350	2.0350	2.0350	0	0.00
2016/12/13	2.0540	2.0540	2.0540	2.0540	0	0.00
2016/12/14	2.0400	2.0400	2.0400	2.0400	0	0.00
2016/12/15	2.0500	2.0500	2.0500	2.0500	0	0.00
2016/12/16	2.0590	2.0590	2.0590	2.0590	0	0.00
2016/12/19	2.0660	2.0660	2.0660	2.0660	0	0.00
2016/12/20	2.0660	2.0660	2.0660	2.0660	0	0.00
2016/12/21	2.0800	2.0800	2.0800	2.0800	0	0.00
2016/12/22	2.0720	2.0720	2.0720	2.0720	0	0.00
2016/12/23	2.0550	2.0550	2.0550	2.0550	0	0.00
2016/12/26	2.0640	2.0640	2.0640	2.0640	0	0.00
2016/12/27	2.0720	2.0720	2.0720	2.0720	0	0.00
2016/12/28	2.0720	2.0720	2.0720	2.0720	0	0.00
2016/12/29	2.0680	2.0680	2.0680	2.0680	0	0.00
2016/12/30	2.0770	2.0770	2.0770	2.0770	0	0.00
2016/12/31	2.0770	2.0770	2.0770	2.0770	0	0.00
2017/01/03	2.0900	2.0900	2.0900	2.0900	0	0.00
2017/01/04	2.1020	2.1020	2.1020	2.1020	0	0.00
2017/01/05	2.1040	2.1040	2.1040	2.1040	0	0.00
2017/01/06	2.0850	2.0850	2.0850	2.0850	0	0.00
2017/01/09	2.1010	2.1010	2.1010	2.1010	0	0.00
2017/01/10	2.0940	2.0940	2.0940	2.0940	0	0.00
2017/01/11	2.0790	2.0790	2.0790	2.0790	0	0.00
2017/01/12	2.0600	2.0600	2.0600	2.0600	0	0.00
2017/01/13	2.0410	2.0410	2.0410	2.0410	0	0.00
2017/01/16	1.9930	1.9930	1.9930	1.9930	0	0.00
2017/01/17	2.0200	2.0200	2.0200	2.0200	0	0.00
2017/01/18	2.0150	2.0150	2.0150	2.0150	0	0.00
2017/01/19	1.9990	1.9990	1.9990	1.9990	0	0.00
2017/01/20	2.0240	2.0240	2.0240	2.0240	0	0.00
2017/01/23	2.0370	2.0370	2.0370	2.0370	0	0.00
2017/01/24	2.0350	2.0350	2.0350	2.0350	0	0.00
2017/01/25	2.0370	2.0370	2.0370	2.0370	0	0.00
2017/01/26	2.0420	2.0420	2.0420	2.0420	0	0.00
2017/02/03	2.0360	2.0360	2.0360	2.0360	0	0.00
2017/02/06	2.0490	2.0490	2.0490	2.0490	0	0.00
2017/02/07	2.0470	2.0470	2.0470	2.0470	0	0.00
2017/02/08	2.0590	2.0590	2.0590	2.0590	0	0.00
2017/02/09	2.0690	2.0690	2.0690	2.0690	0	0.00
2017/02/10	2.0650	2.0650	2.0650	2.0650	0	0.00
2017/02/13	2.0750	2.0750	2.0750	2.0750	0	0.00
2017/02/14	2.0750	2.0750	2.0750	2.0750	0	0.00
2017/02/15	2.0650	2.0650	2.0650	2.0650	0	0.00
2017/02/16	2.0770	2.0770	2.0770	2.0770	0	0.00
2017/02/17	2.0720	2.0720	2.0720	2.0720	0	0.00
2017/02/20	2.0840	2.0840	2.0840	2.0840	0	0.00
2017/02/21	2.0940	2.0940	2.0940	2.0940	0	0.00
2017/02/22	2.1030	2.1030	2.1030	2.1030	0	0.00
2017/02/23	2.0900	2.0900	2.0900	2.0900	0	0.00
2017/02/24	2.1040	2.1040	2.1040	2.1040	0	0.00
2017/02/27	2.0920	2.0920	2.0920	2.0920	0	0.00
2017/02/28	2.0990	2.0990	2.0990	2.0990	0	0.00
2017/03/01	2.1010	2.1010	2.1010	2.1010	0	0.00
2017/03/02	2.0940	2.0940	2.0940	2.0940	0	0.00
2017/03/03	2.1000	2.1000	2.1000	2.1000	0	0.00
2017/03/06	2.1280	2.1280	2.1280	2.1280	0	0.00
2017/03/07	2.1380	2.1380	2.1380	2.1380	0	0.00
2017/03/08	2.1310	2.1310	2.1310	2.1310	0	0.00
2017/03/09	2.1290	2.1290	2.1290	2.1290	0	0.00
2017/03/10	2.1500	2.1500	2.1500	2.1500	0	0.00
2017/03/13	2.1760	2.1760	2.1760	2.1760	0	0.00
2017/03/14	2.1650	2.1650	2.1650	2.1650	0	0.00
2017/03/15	2.1500	2.1500	2.1500	2.1500	0	0.00
2017/03/16	2.1750	2.1750	2.1750	2.1750	0	0.00
2017/03/17	2.1580	2.1580	2.1580	2.1580	0	0.00
2017/03/20	2.1700	2.1700	2.1700	2.1700	0	0.00
2017/03/21	2.1860	2.1860	2.1860	2.1860	0	0.00
2017/03/22	2.1860	2.1860	2.1860	2.1860	0	0.00
2017/03/23	2.1980	2.1980	2.1980	2.1980	0	0.00
2017/03/24	2.2030	2.2030	2.2030	2.2030	0	0.00
2017/03/27	2.2050	2.2050	2.2050	2.2050	0	0.00
2017/03/28	2.1980	2.1980	2.1980	2.1980	0	0.00
2017/03/29	2.2020	2.2020	2.2020	2.2020	0	0.00
2017/03/30	2.1660	2.1660	2.1660	2.1660	0	0.00
2017/03/31	2.1640	2.1640	2.1640	2.1640	0	0.00
2017/04/05	2.2000	2.2000	2.2000	2.2000	0	0.00
2017/04/06	2.2030	2.2030	2.2030	2.2030	0	0.00
2017/04/07	2.2110	2.2110	2.2110	2.2110	0	0.00
2017/04/10	2.1910	2.1910	2.1910	2.1910	0	0.00
2017/04/11	2.1830	2.1830	2.1830	2.1830	0	0.00
2017/04/12	2.1670	2.1670	2.1670	2.1670	0	0.00
2017/04/13	2.1800	2.1800	2.1800	2.1800	0	0.00
2017/04/14	2.1630	2.1630	2.1630	2.1630	0	0.00
2017/04/17	2.1520	2.1520	2.1520	2.1520	0	0.00
2017/04/18	2.1530	2.1530	2.1530	2.1530	0	0.00
2017/04/19	2.1600	2.1600	2.1600	2.1600	0	0.00
2017/04/20	2.1570	2.1570	2.1570	2.1570	0	0.00
2017/04/21	2.1610	2.1610	2.1610	2.1610	0	0.00
2017/04/24	2.1400	2.1400	2.1400	2.1400	0	0.00
2017/04/25	2.1490	2.1490	2.1490	2.1490	0	0.00
2017/04/26	2.1500	2.1500	2.1500	2.1500	0	0.00
2017/04/27	2.1670	2.1670	2.1670	2.1670	0	0.00
2017/04/28	2.1710	2.1710	2.1710	2.1710	0	0.00
2017/05/02	2.1740	2.1740	2.1740	2.1740	0	0.00
2017/05/03	2.1690	2.1690	2.1690	2.1690	0	0.00
2017/05/04	2.1590	2.1590	2.1590	2.1590	0	0.00
2017/05/05	2.1320	2.1320	2.1320	2.1320	0	0.00
2017/05/08	2.1100	2.1100	2.1100	2.1100	0	0.00
2017/05/09	2.1210	2.1210	2.1210	2.1210	0	0.00
2017/05/10	2.1170	2.1170	2.1170	2.1170	0	0.00
2017/05/11	2.1190	2.1190	2.1190	2.1190	0	0.00
2017/05/12	2.1300	2.1300	2.1300	2.1300	0	0.00
2017/05/15	2.1410	2.1410	2.1410	2.1410	0	0.00
2017/05/16	2.1770	2.1770	2.1770	2.1770	0	0.00
2017/05/17	2.1660	2.1660	2.1660	2.1660	0	0.00
2017/05/18	2.1540	2.1540	2.1540	2.1540	0	0.00
2017/05/19	2.1380	2.1380	2.1380	2.1380	0	0.00
2017/05/22	2.1320	2.1320	2.1320	2.1320	0	0.00
2017/05/23	2.1280	2.1280	2.1280	2.1280	0	0.00
2017/05/24	2.1290	2.1290	2.1290	2.1290	0	0.00
2017/05/25	2.1290	2.1290	2.1290	2.1290	0	0.00
2017/05/26	2.1080	2.1080	2.1080	2.1080	0	0.00
2017/05/31	2.1030	2.1030	2.1030	2.1030	0	0.00
2017/06/01	2.0910	2.0910	2.0910	2.0910	0	0.00
2017/06/02	2.0980	2.0980	2.0980	2.0980	0	0.00
2017/06/05	2.1110	2.1110	2.1110	2.1110	0	0.00
2017/06/06	2.1090	2.1090	2.1090	2.1090	0	0.00
2017/06/07	2.1370	2.1370	2.1370	2.1370	0	0.00
2017/06/08	2.1500	2.1500	2.1500	2.1500	0	0.00
2017/06/09	2.1550	2.1550	2.1550	2.1550	0	0.00
2017/06/12	2.1430	2.1430	2.1430	2.1430	0	0.00
2017/06/13	2.1550	2.1550	2.1550	2.1550	0	0.00
2017/06/14	2.1450	2.1450	2.1450	2.1450	0	0.00
2017/06/15	2.1520	2.1520	2.1520	2.1520	0	0.00
2017/06/16	2.1500	2.1500	2.1500	2.1500	0	0.00
2017/06/19	2.1680	2.1680	2.1680	2.1680	0	0.00
2017/06/20	2.1720	2.1720	2.1720	2.1720	0	0.00
2017/06/21	2.1970	2.1970	2.1970	2.1970	0	0.00
2017/06/22	2.1710	2.1710	2.1710	2.1710	0	0.00
2017/06/23	2.1830	2.1830	2.1830	2.1830	0	0.00
2017/06/26	2.2080	2.2080	2.2080	2.2080	0	0.00
2017/06/27	2.1950	2.1950	2.1950	2.1950	0	0.00
2017/06/28	2.1790	2.1790	2.1790	2.1790	0	0.00
2017/06/29	2.1850	2.1850	2.1850	2.1850	0	0.00
2017/06/30	2.1950	2.1950	2.1950	2.1950	0	0.00
2017/07/03	2.1970	2.1970	2.1970	2.1970	0	0.00
2017/07/04	2.2030	2.2030	2.2030	2.2030	0	0.00
2017/07/05	2.2170	2.2170	2.2170	2.2170	0	0.00
2017/07/06	2.2320	2.2320	2.2320	2.2320	0	0.00
2017/07/07	2.2280	2.2280	2.2280	2.2280	0	0.00
2017/07/10	2.2190	2.2190	2.2190	2.2190	0	0.00
2017/07/11	2.2120	2.2120	2.2120	2.2120	0	0.00
2017/07/12	2.2160	2.2160	2.2160	2.2160	0	0.00
2017/07/13	2.2080	2.2080	2.2080	2.2080	0	0.00
2017/07/14	2.2060	2.2060	2.2060	2.2060	0	0.00
2017/07/17	2.1660	2.1660	2.1660	2.1660	0	0.00
2017/07/18	2.1670	2.1670	2.1670	2.1670	0	0.00
2017/07/19	2.1950	2.1950	2.1950	2.1950	0	0.00
2017/07/20	2.2090	2.2090	2.2090	2.2090	0	0.00
2017/07/21	2.2290	2.2290	2.2290	2.2290	0	0.00
2017/07/24	2.2210	2.2210	2.2210	2.2210	0	0.00
2017/07/25	2.2240	2.2240	2.2240	2.2240	0	0.00
2017/07/26	2.2210	2.2210	2.2210	2.2210	0	0.00
2017/07/27	2.2390	2.2390	2.2390	2.2390	0	0.00
2017/07/28	2.2570	2.2570	2.2570	2.2570	0	0.00
2017/07/31	2.2620	2.2620	2.2620	2.2620	0	0.00
2017/08/01	2.2560	2.2560	2.2560	2.2560	0	0.00
2017/08/02	2.2500	2.2500	2.2500	2.2500	0	0.00
2017/08/03	2.2510	2.2510	2.2510	2.2510	0	0.00
2017/08/04	2.2280	2.2280	2.2280	2.2280	0	0.00
2017/08/07	2.2440	2.2440	2.2440	2.2440	0	0.00
2017/08/08	2.2370	2.2370	2.2370	2.2370	0	0.00
2017/08/09	2.2430	2.2430	2.2430	2.2430	0	0.00
2017/08/10	2.2400	2.2400	2.2400	2.2400	0	0.00
2017/08/11	2.2230	2.2230	2.2230	2.2230	0	0.00
2017/08/14	2.2710	2.2710	2.2710	2.2710	0	0.00
2017/08/15	2.2900	2.2900	2.2900	2.2900	0	0.00
2017/08/16	2.3060	2.3060	2.3060	2.3060	0	0.00
2017/08/17	2.2980	2.2980	2.2980	2.2980	0	0.00
2017/08/18	2.2830	2.2830	2.2830	2.2830	0	0.00
2017/08/21	2.2960	2.2960	2.2960	2.2960	0	0.00
2017/08/22	2.2890	2.2890	2.2890	2.2890	0	0.00
2017/08/23	2.2890	2.2890	2.2890	2.2890	0	0.00
2017/08/24	2.2720	2.2720	2.2720	2.2720	0	0.00
2017/08/25	2.2880	2.2880	2.2880	2.2880	0	0.00
2017/08/28	2.3190	2.3190	2.3190	2.3190	0	0.00
2017/08/29	2.3220	2.3220	2.3220	2.3220	0	0.00
2017/08/30	2.3290	2.3290	2.3290	2.3290	0	0.00
2017/08/31	2.3470	2.3470	2.3470	2.3470	0	0.00
2017/09/01	2.3500	2.3500	2.3500	2.3500	0	0.00
2017/09/04	2.3700	2.3700	2.3700	2.3700	0	0.00
2017/09/05	2.4080	2.4080	2.4080	2.4080	0	0.00
2017/09/06	2.4150	2.4150	2.4150	2.4150	0	0.00
2017/09/07	2.4070	2.4070	2.4070	2.4070	0	0.00
2017/09/08	2.4140	2.4140	2.4140	2.4140	0	0.00
2017/09/11	2.4410	2.4410	2.4410	2.4410	0	0.00
2017/09/12	2.4270	2.4270	2.4270	2.4270	0	0.00
2017/09/13	2.4370	2.4370	2.4370	2.4370	0	0.00
2017/09/14	2.4650	2.4650	2.4650	2.4650	0	0.00
2017/09/15	2.4490	2.4490	2.4490	2.4490	0	0.00
2017/09/18	2.4780	2.4780	2.4780	2.4780	0	0.00
2017/09/19	2.4800	2.4800	2.4800	2.4800	0	0.00
2017/09/20	2.5010	2.5010	2.5010	2.5010	0	0.00
2017/09/21	2.4880	2.4880	2.4880	2.4880	0	0.00
2017/09/22	2.4980	2.4980	2.4980	2.4980	0	0.00
2017/09/25	2.4800	2.4800	2.4800	2.4800	0	0.00
2017/09/26	2.4770	2.4770	2.4770	2.4770	0	0.00
2017/09/27	2.5180	2.5180	2.5180	2.5180	0	0.00
2017/09/28	2.5220	2.5220	2.5220	2.5220	0	0.00
2017/09/29	2.5420	2.5420	2.5420	2.5420	0	0.00
2017/10/09	2.5730	2.5730	2.5730	2.5730	0	0.00
2017/10/10	2.5850	2.5850	2.5850	2.5850	0	0.00
2017/10/11	2.5700	2.5700	2.5700	2.5700	0	0.00
2017/10/12	2.5960	2.5960	2.5960	2.5960	0	0.00
2017/10/13	2.6240	2.6240	2.6240	2.6240	0	0.00
2017/10/16	2.5880	2.5880	2.5880	2.5880	0	0.00
2017/10/17	2.5970	2.5970	2.5970	2.5970	0	0.00
2017/10/18	2.5910	2.5910	2.5910	2.5910	0	0.00
2017/10/19	2.5830	2.5830	2.5830	2.5830	0	0.00
2017/10/20	2.5910	2.5910	2.5910	2.5910	0	0.00
2017/10/23	2.6030	2.6030	2.6030	2.6030	0	0.00
2017/10/24	2.6040	2.6040	2.6040	2.6040	0	0.00
2017/10/25	2.6190	2.6190	2.6190	2.6190	0	0.00
2017/10/26	2.6350	2.6350	2.6350	2.6350	0	0.00
2017/10/27	2.6340	2.6340	2.6340	2.6340	0	0.00
2017/10/30	2.6420	2.6420	2.6420	2.6420	0	0.00
2017/10/31	2.6790	2.6790	2.6790	2.6790	0	0.00
2017/11/01	2.6770	2.6770	2.6770	2.6770	0	0.00
2017/11/02	2.6630	2.6630	2.6630	2.6630	0	0.00
2017/11/03	2.6920	2.6920	2.6920	2.6920	0	0.00
2017/11/06	2.7440	2.7440	2.7440	2.7440	0	0.00
2017/11/07	2.7680	2.7680	2.7680	2.7680	0	0.00
2017/11/08	2.7700	2.7700	2.7700	2.7700	0	0.00
2017/11/09	2.8050	2.8050	2.8050	2.8050	0	0.00
2017/11/10	2.8330	2.8330	2.8330	2.8330	0	0.00
2017/11/13	2.8350	2.8350	2.8350	2.8350	0	0.00
2017/11/14	2.8090	2.8090	2.8090	2.8090	0	0.00
2017/11/15	2.7740	2.7740	2.7740	2.7740	0	0.00
2017/11/16	2.7840	2.7840	2.7840	2.7840	0	0.00
2017/11/17	2.7340	2.7340	2.7340	2.7340	0	0.00
2017/11/20	2.7870	2.7870	2.7870	2.7870	0	0.00
2017/11/21	2.8270	2.8270	2.8270	2.8270	0	0.00
2017/11/22	2.8050	2.8050	2.8050	2.8050	0	0.00
2017/11/23	2.7140	2.7140	2.7140	2.7140	0	0.00
2017/11/24	2.7010	2.7010	2.7010	2.7010	0	0.00
2017/11/27	2.6500	2.6500	2.6500	2.6500	0	0.00
2017/11/28	2.6890	2.6890	2.6890	2.6890	0	0.00
2017/11/29	2.6690	2.6690	2.6690	2.6690	0	0.00
2017/11/30	2.6370	2.6370	2.6370	2.6370	0	0.00
2017/12/01	2.6980	2.6980	2.6980	2.6980	0	0.00
2017/12/04	2.6940	2.6940	2.6940	2.6940	0	0.00
2017/12/05	2.6670	2.6670	2.6670	2.6670	0	0.00
2017/12/06	2.6950	2.6950	2.6950	2.6950	0	0.00
2017/12/07	2.6840	2.6840	2.6840	2.6840	0	0.00
2017/12/08	2.7080	2.7080	2.7080	2.7080	0	0.00
2017/12/11	2.7610	2.7610	2.7610	2.7610	0	0.00
2017/12/12	2.7400	2.7400	2.7400	2.7400	0	0.00
2017/12/13	2.7600	2.7600	2.7600	2.7600	0	0.00
2017/12/14	2.7560	2.7560	2.7560	2.7560	0	0.00
2017/12/15	2.7680	2.7680	2.7680	2.7680	0	0.00
2017/12/18	2.7460	2.7460	2.7460	2.7460	0	0.00
2017/12/19	2.7610	2.7610	2.7610	2.7610	0	0.00
2017/12/20	2.7520	2.7520	2.7520	2.7520	0	0.00
2017/12/21	2.7670	2.7670	2.7670	2.7670	0	0.00
2017/12/22	2.7720	2.7720	2.7720	2.7720	0	0.00
2017/12/25	2.7480	2.7480	2.7480	2.7480	0	0.00
2017/12/26	2.7610	2.7610	2.7610	2.7610	0	0.00
2017/12/27	2.7240	2.7240	2.7240	2.7240	0	0.00
2017/12/28	2.7380	2.7380	2.7380	2.7380	0	0.00
2017/12/29	2.7520	2.7520	2.7520	2.7520	0	0.00
2017/12/31	2.7520	2.7520	2.7520	2.7520	0	0.00
2018/01/02	2.8030	2.8030	2.8030	2.8030	0	0.00
2018/01/03	2.8090	2.8090	2.8090	2.8090	0	0.00
2018/01/04	2.8220	2.8220	2.8220	2.8220	0	0.00
2018/01/05	2.8380	2.8380	2.8380	2.8380	0	0.00
2018/01/08	2.8310	2.8310	2.8310	2.8310	0	0.00
2018/01/09	2.8380	2.8380	2.8380	2.8380	0	0.00
2018/01/10	2.8270	2.8270	2.8270	2.8270	0	0.00
2018/01/11	2.8230	2.8230	2.8230	2.8230	0	0.00
2018/01/12	2.8130	2.8130	2.8130	2.8130	0	0.00
2018/01/15	2.7640	2.7640	2.7640	2.7640	0	0.00
2018/01/16	2.7780	2.7780	2.7780	2.7780	0	0.00
2018/01/17	2.7600	2.7600	2.7600	2.7600	0	0.00
2018/01/18	2.7590	2.7590	2.7590	2.7590	0	0.00
2018/01/19	2.7380	2.7380	2.7380	2.7380	0	0.00
2018/01/22	2.8060	2.8060	2.8060	2.8060	0	0.00
2018/01/23	2.8290	2.8290	2.8290	2.8290	0	0.00
2018/01/24	2.8760	2.8760	2.8760	2.8760	0	0.00
2018/01/25	2.9030	2.9030	2.9030	2.9030	0	0.00
2018/01/26	2.8920	2.8920	2.8920	2.8920	0	0.00
2018/01/29	2.8470	2.8470	2.8470	2.8470	0	0.00
2018/01/30	2.8380	2.8380	2.8380	2.8380	0	0.00
2018/01/31	2.8050	2.8050	2.8050	2.8050	0	0.00
2018/02/01	2.7790	2.7790	2.7790	2.7790	0	0.00
2018/02/02	2.8070	2.8070	2.8070	2.8070	0	0.00
2018/02/05	2.7900	2.7900	2.7900	2.7900	0	0.00
2018/02/06	2.7180	2.7180	2.7180	2.7180	0	0.00
2018/02/07	2.7290	2.7290	2.7290	2.7290	0	0.00
2018/02/08	2.7450	2.7450	2.7450	2.7450	0	0.00
2018/02/09	2.6700	2.6700	2.6700	2.6700	0	0.00
2018/02/12	2.7570	2.7570	2.7570	2.7570	0	0.00
2018/02/13	2.7740	2.7740	2.7740	2.7740	0	0.00
2018/02/14	2.7740	2.7740	2.7740	2.7740	0	0.00
2018/02/22	2.8490	2.8490	2.8490	2.8490	0	0.00
2018/02/23	2.8270	2.8270	2.8270	2.8270	0	0.00
2018/02/26	2.8750	2.8750	2.8750	2.8750	0	0.00
2018/02/27	2.8920	2.8920	2.8920	2.8920	0	0.00
2018/02/28	2.8910	2.8910	2.8910	2.8910	0	0.00
2018/03/01	2.9490	2.9490	2.9490	2.9490	0	0.00
2018/03/02	2.9300	2.9300	2.9300	2.9300	0	0.00
2018/03/05	2.9760	2.9760	2.9760	2.9760	0	0.00
2018/03/06	2.9740	2.9740	2.9740	2.9740	0	0.00
2018/03/07	2.9510	2.9510	2.9510	2.9510	0	0.00
2018/03/08	2.9510	2.9510	2.9510	2.9510	0	0.00
2018/03/09	3.0130	3.0130	3.0130	3.0130	0	0.00
2018/03/12	3.0500	3.0500	3.0500	3.0500	0	0.00
2018/03/13	3.0370	3.0370	3.0370	3.0370	0	0.00
2018/03/14	2.9850	2.9850	2.9850	2.9850	0	0.00
2018/03/15	3.0020	3.0020	3.0020	3.0020	0	0.00
2018/03/16	2.9730	2.9730	2.9730	2.9730	0	0.00
2018/03/19	3.0240	3.0240	3.0240	3.0240	0	0.00
2018/03/20	3.0280	3.0280	3.0280	3.0280	0	0.00
2018/03/21	2.9850	2.9850	2.9850	2.9850	0	0.00
2018/03/22	2.9680	2.9680	2.9680	2.9680	0	0.00
2018/03/23	2.9080	2.9080	2.9080	2.9080	0	0.00
2018/03/26	2.9970	2.9970	2.9970	2.9970	0	0.00
2018/03/27	3.0800	3.0800	3.0800	3.0800	0	0.00
2018/03/28	3.0490	3.0490	3.0490	3.0490	0	0.00
2018/03/29	3.0560	3.0560	3.0560	3.0560	0	0.00
2018/03/30	3.1190	3.1190	3.1190	3.1190	0	0.00
2018/04/02	3.1190	3.1190	3.1190	3.1190	0	0.00
2018/04/03	3.0990	3.0990	3.0990	3.0990	0	0.00
2018/04/04	3.0540	3.0540	3.0540	3.0540	0	0.00
2018/04/09	3.0660	3.0660	3.0660	3.0660	0	0.00
2018/04/10	3.0620	3.0620	3.0620	3.0620	0	0.00
2018/04/11	3.0700	3.0700	3.0700	3.0700	0	0.00
2018/04/12	3.0590	3.0590	3.0590	3.0590	0	0.00
2018/04/13	3.0640	3.0640	3.0640	3.0640	0	0.00
2018/04/16	3.0980	3.0980	3.0980	3.0980	0	0.00
2018/04/17	3.0330	3.0330	3.0330	3.0330	0	0.00
2018/04/18	3.0980	3.0980	3.0980	3.0980	0	0.00
2018/04/19	3.0920	3.0920	3.0920	3.0920	0	0.00
2018/04/20	3.0250	3.0250	3.0250	3.0250	0	0.00
2018/04/23	2.9720	2.9720	2.9720	2.9720	0	0.00
2018/04/24	3.0270	3.0270	3.0270	3.0270	0	0.00
2018/04/25	3.0320	3.0320	3.0320	3.0320	0	0.00
2018/04/26	2.9940	2.9940	2.9940	2.9940	0	0.00
2018/04/27	3.0100	3.0100	3.0100	3.0100	0	0.00
2018/05/02	2.9990	2.9990	2.9990	2.9990	0	0.00
2018/05/03	3.0170	3.0170	3.0170	3.0170	0	0.00
2018/05/04	3.0280	3.0280	3.0280	3.0280	0	0.00
2018/05/07	3.0940	3.0940	3.0940	3.0940	0	0.00
2018/05/08	3.1030	3.1030	3.1030	3.1030	0	0.00
2018/05/09	3.0960	3.0960	3.0960	3.0960	0	0.00
2018/05/10	3.0910	3.0910	3.0910	3.0910	0	0.00
2018/05/11	3.0610	3.0610	3.0610	3.0610	0	0.00
2018/05/14	3.0550	3.0550	3.0550	3.0550	0	0.00
2018/05/15	3.0980	3.0980	3.0980	3.0980	0	0.00
2018/05/16	3.0790	3.0790	3.0790	3.0790	0	0.00
2018/05/17	3.0460	3.0460	3.0460	3.0460	0	0.00
2018/05/18	3.0770	3.0770	3.0770	3.0770	0	0.00
2018/05/21	3.1170	3.1170	3.1170	3.1170	0	0.00
2018/05/22	3.1310	3.1310	3.1310	3.1310	0	0.00
2018/05/23	3.1250	3.1250	3.1250	3.1250	0	0.00
2018/05/24	3.1070	3.1070	3.1070	3.1070	0	0.00
2018/05/25	3.0900	3.0900	3.0900	3.0900	0	0.00
2018/05/28	3.0910	3.0910	3.0910	3.0910	0	0.00
2018/05/29	3.0620	3.0620	3.0620	3.0620	0	0.00
2018/05/30	3.0250	3.0250	3.0250	3.0250	0	0.00
2018/05/31	3.0580	3.0580	3.0580	3.0580	0	0.00
2018/06/01	3.0120	3.0120	3.0120	3.0120	0	0.00
2018/06/04	2.9820	2.9820	2.9820	2.9820	0	0.00
2018/06/05	3.0230	3.0230	3.0230	3.0230	0	0.00
2018/06/06	3.0310	3.0310	3.0310	3.0310	0	0.00
2018/06/07	3.0100	3.0100	3.0100	3.0100	0	0.00
2018/06/08	2.9930	2.9930	2.9930	2.9930	0	0.00
2018/06/11	2.9860	2.9860	2.9860	2.9860	0	0.00
2018/06/12	3.0050	3.0050	3.0050	3.0050	0	0.00
2018/06/13	2.9740	2.9740	2.9740	2.9740	0	0.00
2018/06/14	2.9580	2.9580	2.9580	2.9580	0	0.00
2018/06/15	2.9490	2.9490	2.9490	2.9490	0	0.00
2018/06/19	2.8670	2.8670	2.8670	2.8670	0	0.00
2018/06/20	2.8920	2.8920	2.8920	2.8920	0	0.00
2018/06/21	2.8460	2.8460	2.8460	2.8460	0	0.00
2018/06/22	2.8910	2.8910	2.8910	2.8910	0	0.00
2018/06/25	2.8430	2.8430	2.8430	2.8430	0	0.00
2018/06/26	2.8890	2.8890	2.8890	2.8890	0	0.00
2018/06/27	2.8690	2.8690	2.8690	2.8690	0	0.00
2018/06/28	2.8540	2.8540	2.8540	2.8540	0	0.00
2018/06/29	2.9530	2.9530	2.9530	2.9530	0	0.00
2018/06/30	2.9520	2.9520	2.9520	2.9520	0	0.00
2018/07/02	2.9320	2.9320	2.9320	2.9320	0	0.00
2018/07/03	2.9440	2.9440	2.9440	2.9440	0	0.00
2018/07/04	2.8970	2.8970	2.8970	2.8970	0	0.00
2018/07/05	2.8660	2.8660	2.8660	2.8660	0	0.00
2018/07/06	2.8790	2.8790	2.8790	2.8790	0	0.00
2018/07/09	2.9290	2.9290	2.9290	2.9290	0	0.00
2018/07/10	2.9390	2.9390	2.9390	2.9390	0	0.00
2018/07/11	2.9180	2.9180	2.9180	2.9180	0	0.00
2018/07/12	2.9850	2.9850	2.9850	2.9850	0	0.00
2018/07/13	2.9840	2.9840	2.9840	2.9840	0	0.00
2018/07/16	3.0010	3.0010	3.0010	3.0010	0	0.00
2018/07/17	3.0020	3.0020	3.0020	3.0020	0	0.00
2018/07/18	2.9580	2.9580	2.9580	2.9580	0	0.00
2018/07/19	2.9470	2.9470	2.9470	2.9470	0	0.00
2018/07/20	2.9810	2.9810	2.9810	2.9810	0	0.00
2018/07/23	2.9980	2.9980	2.9980	2.9980	0	0.00
2018/07/24	2.9980	2.9980	2.9980	2.9980	0	0.00
2018/07/25	2.9930	2.9930	2.9930	2.9930	0	0.00
2018/07/26	2.9560	2.9560	2.9560	2.9560	0	0.00
2018/07/27	2.9380	2.9380	2.9380	2.9380	0	0.00
2018/07/30	2.8980	2.8980	2.8980	2.8980	0	0.00
2018/07/31	2.8900	2.8900	2.8900	2.8900	0	0.00
2018/08/01	2.8630	2.8630	2.8630	2.8630	0	0.00
2018/08/02	2.8480	2.8480	2.8480	2.8480	0	0.00
2018/08/03	2.7940	2.7940	2.7940	2.7940	0	0.00
2018/08/06	2.7430	2.7430	2.7430	2.7430	0	0.00
2018/08/07	2.8130	2.8130	2.8130	2.8130	0	0.00
2018/08/08	2.7790	2.7790	2.7790	2.7790	0	0.00
2018/08/09	2.8420	2.8420	2.8420	2.8420	0	0.00
2018/08/10	2.8570	2.8570	2.8570	2.8570	0	0.00
2018/08/13	2.8830	2.8830	2.8830	2.8830	0	0.00
2018/08/14	2.8630	2.8630	2.8630	2.8630	0	0.00
2018/08/15	2.8290	2.8290	2.8290	2.8290	0	0.00
2018/08/16	2.8200	2.8200	2.8200	2.8200	0	0.00
2018/08/17	2.7800	2.7800	2.7800	2.7800	0	0.00
2018/08/20	2.7890	2.7890	2.7890	2.7890	0	0.00
2018/08/21	2.8250	2.8250	2.8250	2.8250	0	0.00
2018/08/22	2.8070	2.8070	2.8070	2.8070	0	0.00
2018/08/23	2.8380	2.8380	2.8380	2.8380	0	0.00
2018/08/24	2.8370	2.8370	2.8370	2.8370	0	0.00
2018/08/27	2.8820	2.8820	2.8820	2.8820	0	0.00
2018/08/28	2.8890	2.8890	2.8890	2.8890	0	0.00
2018/08/29	2.8840	2.8840	2.8840	2.8840	0	0.00
2018/08/30	2.8490	2.8490	2.8490	2.8490	0	0.00
2018/08/31	2.8470	2.8470	2.8470	2.8470	0	0.00
2018/09/03	2.8600	2.8600	2.8600	2.8600	0	0.00
2018/09/04	2.9220	2.9220	2.9220	2.9220	0	0.00
2018/09/05	2.8860	2.8860	2.8860	2.8860	0	0.00
2018/09/06	2.8650	2.8650	2.8650	2.8650	0	0.00
2018/09/07	2.8360	2.8360	2.8360	2.8360	0	0.00
2018/09/10	2.8000	2.8000	2.8000	2.8000	0	0.00
2018/09/11	2.8060	2.8060	2.8060	2.8060	0	0.00
2018/09/12	2.7980	2.7980	2.7980	2.7980	0	0.00
2018/09/13	2.8010	2.8010	2.8010	2.8010	0	0.00
2018/09/14	2.7480	2.7480	2.7480	2.7480	0	0.00
2018/09/17	2.7330	2.7330	2.7330	2.7330	0	0.00
2018/09/18	2.7590	2.7590	2.7590	2.7590	0	0.00
2018/09/19	2.7880	2.7880	2.7880	2.7880	0	0.00
2018/09/20	2.7730	2.7730	2.7730	2.7730	0	0.00
2018/09/21	2.7990	2.7990	2.7990	2.7990	0	0.00
2018/09/25	2.8020	2.8020	2.8020	2.8020	0	0.00
2018/09/26	2.8110	2.8110	2.8110	2.8110	0	0.00
2018/09/27	2.7830	2.7830	2.7830	2.7830	0	0.00
2018/09/28	2.7850	2.7850	2.7850	2.7850	0	0.00
2018/10/08	2.7240	2.7240	2.7240	2.7240	0	0.00
2018/10/09	2.7060	2.7060	2.7060	2.7060	0	0.00
2018/10/10	2.7010	2.7010	2.7010	2.7010	0	0.00
2018/10/11	2.5940	2.5940	2.5940	2.5940	0	0.00
2018/10/12	2.6220	2.6220	2.6220	2.6220	0	0.00
2018/10/15	2.5970	2.5970	2.5970	2.5970	0	0.00
2018/10/16	2.5350	2.5350	2.5350	2.5350	0	0.00
2018/10/17	2.5590	2.5590	2.5590	2.5590	0	0.00
2018/10/18	2.5200	2.5200	2.5200	2.5200	0	0.00
2018/10/19	2.5930	2.5930	2.5930	2.5930	0	0.00
2018/10/22	2.6730	2.6730	2.6730	2.6730	0	0.00
2018/10/23	2.6240	2.6240	2.6240	2.6240	0	0.00
2018/10/24	2.6020	2.6020	2.6020	2.6020	0	0.00
2018/10/25	2.5890	2.5890	2.5890	2.5890	0	0.00
2018/10/26	2.5690	2.5690	2.5690	2.5690	0	0.00
2018/10/29	2.5380	2.5380	2.5380	2.5380	0	0.00
2018/10/30	2.5620	2.5620	2.5620	2.5620	0	0.00
2018/10/31	2.5790	2.5790	2.5790	2.5790	0	0.00
2018/11/01	2.6000	2.6000	2.6000	2.6000	0	0.00
2018/11/02	2.6740	2.6740	2.6740	2.6740	0	0.00
2018/11/05	2.6680	2.6680	2.6680	2.6680	0	0.00
2018/11/06	2.6650	2.6650	2.6650	2.6650	0	0.00
2018/11/07	2.6620	2.6620	2.6620	2.6620	0	0.00
2018/11/08	2.6400	2.6400	2.6400	2.6400	0	0.00
2018/11/09	2.6400	2.6400	2.6400	2.6400	0	0.00
2018/11/12	2.6870	2.6870	2.6870	2.6870	0	0.00
2018/11/13	2.7140	2.7140	2.7140	2.7140	0	0.00
2018/11/14	2.7090	2.7090	2.7090	2.7090	0	0.00
2018/11/15	2.7300	2.7300	2.7300	2.7300	0	0.00
2018/11/16	2.7400	2.7400	2.7400	2.7400	0	0.00
2018/11/19	2.7300	2.7300	2.7300	2.7300	0	0.00
2018/11/20	2.6900	2.6900	2.6900	2.6900	0	0.00
2018/11/21	2.6860	2.6860	2.6860	2.6860	0	0.00
2018/11/22	2.6810	2.6810	2.6810	2.6810	0	0.00
2018/11/23	2.6380	2.6380	2.6380	2.6380	0	0.00
2018/11/26	2.6270	2.6270	2.6270	2.6270	0	0.00
2018/11/27	2.6200	2.6200	2.6200	2.6200	0	0.00
2018/11/28	2.6450	2.6450	2.6450	2.6450	0	0.00
2018/11/29	2.6080	2.6080	2.6080	2.6080	0	0.00
2018/11/30	2.6180	2.6180	2.6180	2.6180	0	0.00
2018/12/03	2.6740	2.6740	2.6740	2.6740	0	0.00
2018/12/04	2.6730	2.6730	2.6730	2.6730	0	0.00
2018/12/05	2.6890	2.6890	2.6890	2.6890	0	0.00
2018/12/06	2.6460	2.6460	2.6460	2.6460	0	0.00
2018/12/07	2.6470	2.6470	2.6470	2.6470	0	0.00
2018/12/10	2.6330	2.6330	2.6330	2.6330	0	0.00
2018/12/11	2.6610	2.6610	2.6610	2.6610	0	0.00
2018/12/12	2.6600	2.6600	2.6600	2.6600	0	0.00
2018/12/13	2.6860	2.6860	2.6860	2.6860	0	0.00
2018/12/14	2.6460	2.6460	2.6460	2.6460	0	0.00
2018/12/17	2.6250	2.6250	2.6250	2.6250	0	0.00
2018/12/18	2.6100	2.6100	2.6100	2.6100	0	0.00
2018/12/19	2.5800	2.5800	2.5800	2.5800	0	0.00
2018/12/20	2.5820	2.5820	2.5820	2.5820	0	0.00
2018/12/21	2.5640	2.5640	2.5640	2.5640	0	0.00
2018/12/24	2.5820	2.5820	2.5820	2.5820	0	0.00
2018/12/25	2.5880	2.5880	2.5880	2.5880	0	0.00
2018/12/26	2.5770	2.5770	2.5770	2.5770	0	0.00
2018/12/27	2.5670	2.5670	2.5670	2.5670	0	0.00
2018/12/28	2.5750	2.5750	2.5750	2.5750	0	0.00
2018/12/31	2.5750	2.5750	2.5750	2.5750	0	0.00
2019/01/02	2.5540	2.5540	2.5540	2.5540	0	0.00
2019/01/03	2.5510	2.5510	2.5510	2.5510	0	0.00
2019/01/04	2.5910	2.5910	2.5910	2.5910	0	0.00
2019/01/07	2.6430	2.6430	2.6430	2.6430	0	0.00
2019/01/08	2.6280	2.6280	2.6280	2.6280	0	0.00
2019/01/09	2.6320	2.6320	2.6320	2.6320	0	0.00
2019/01/10	2.6440	2.6440	2.6440	2.6440	0	0.00
2019/01/11	2.6400	2.6400	2.6400	2.6400	0	0.00
2019/01/14	2.6260	2.6260	2.6260	2.6260	0	0.00
2019/01/15	2.6410	2.6410	2.6410	2.6410	0	0.00
2019/01/16	2.6570	2.6570	2.6570	2.6570	0	0.00
2019/01/17	2.6260	2.6260	2.6260	2.6260	0	0.00
2019/01/18	2.6400	2.6400	2.6400	2.6400	0	0.00
2019/01/21	2.6560	2.6560	2.6560	2.6560	0	0.00
2019/01/22	2.6410	2.6410	2.6410	2.6410	0	0.00
2019/01/23	2.6550	2.6550	2.6550	2.6550	0	0.00
2019/01/24	2.6670	2.6670	2.6670	2.6670	0	0.00
2019/01/25	2.6700	2.6700	2.6700	2.6700	0	0.00
2019/01/28	2.6770	2.6770	2.6770	2.6770	0	0.00
2019/01/29	2.6790	2.6790	2.6790	2.6790	0	0.00
2019/01/30	2.6480	2.6480	2.6480	2.6480	0	0.00
2019/01/31	2.6290	2.6290	2.6290	2.6290	0	0.00
2019/02/01	2.6840	2.6840	2.6840	2.6840	0	0.00
2019/02/11	2.7300	2.7300	2.7300	2.7300	0	0.00
2019/02/12	2.7340	2.7340	2.7340	2.7340	0	0.00
2019/02/13	2.7680	2.7680	2.7680	2.7680	0	0.00
2019/02/14	2.7830	2.7830	2.7830	2.7830	0	0.00
2019/02/15	2.7490	2.7490	2.7490	2.7490	0	0.00
2019/02/18	2.8200	2.8200	2.8200	2.8200	0	0.00
2019/02/19	2.8020	2.8020	2.8020	2.8020	0	0.00
2019/02/20	2.7990	2.7990	2.7990	2.7990	0	0.00
2019/02/21	2.7980	2.7980	2.7980	2.7980	0	0.00
2019/02/22	2.8620	2.8620	2.8620	2.8620	0	0.00
2019/02/25	2.9900	2.9900	2.9900	2.9900	0	0.00
2019/02/26	2.9680	2.9680	2.9680	2.9680	0	0.00
2019/02/27	2.9290	2.9290	2.9290	2.9290	0	0.00
2019/02/28	2.9520	2.9520	2.9520	2.9520	0	0.00
2019/03/01	2.9650	2.9650	2.9650	2.9650	0	0.00
2019/03/04	3.0060	3.0060	3.0060	3.0060	0	0.00
2019/03/05	3.0380	3.0380	3.0380	3.0380	0	0.00
2019/03/06	3.0320	3.0320	3.0320	3.0320	0	0.00
2019/03/07	3.0240	3.0240	3.0240	3.0240	0	0.00
2019/03/08	2.9970	2.9970	2.9970	2.9970	0	0.00
2019/03/11	3.1140	3.1140	3.1140	3.1140	0	0.00
2019/03/12	3.1820	3.1820	3.1820	3.1820	0	0.00
2019/03/13	3.1120	3.1120	3.1120	3.1120	0	0.00
2019/03/14	3.1040	3.1040	3.1040	3.1040	0	0.00
2019/03/15	3.1160	3.1160	3.1160	3.1160	0	0.00
2019/03/18	3.1700	3.1700	3.1700	3.1700	0	0.00
2019/03/19	3.1850	3.1850	3.1850	3.1850	0	0.00
2019/03/20	3.1520	3.1520	3.1520	3.1520	0	0.00
2019/03/21	3.1540	3.1540	3.1540	3.1540	0	0.00
2019/03/22	3.1360	3.1360	3.1360	3.1360	0	0.00
2019/03/25	3.1050	3.1050	3.1050	3.1050	0	0.00
2019/03/26	3.0470	3.0470	3.0470	3.0470	0	0.00
2019/03/27	3.0830	3.0830	3.0830	3.0830	0	0.00
2019/03/28	3.0550	3.0550	3.0550	3.0550	0	0.00
2019/03/29	3.1220	3.1220	3.1220	3.1220	0	0.00
2019/04/01	3.2010	3.2010	3.2010	3.2010	0	0.00
2019/04/02	3.1920	3.1920	3.1920	3.1920	0	0.00
2019/04/03	3.2110	3.2110	3.2110	3.2110	0	0.00
2019/04/04	3.2000	3.2000	3.2000	3.2000	0	0.00
2019/04/08	3.1620	3.1620	3.1620	3.1620	0	0.00
2019/04/09	3.1670	3.1670	3.1670	3.1670	0	0.00
2019/04/10	3.1590	3.1590	3.1590	3.1590	0	0.00
2019/04/11	3.1200	3.1200	3.1200	3.1200	0	0.00
2019/04/12	3.0610	3.0610	3.0610	3.0610	0	0.00
2019/04/15	3.0300	3.0300	3.0300	3.0300	0	0.00
2019/04/16	3.0240	3.0240	3.0240	3.0240	0	0.00
2019/04/17	3.0600	3.0600	3.0600	3.0600	0	0.00
2019/04/18	3.0540	3.0540	3.0540	3.0540	0	0.00
2019/04/19	3.0590	3.0590	3.0590	3.0590	0	0.00
2019/04/22	3.0640	3.0640	3.0640	3.0640	0	0.00
2019/04/23	3.0620	3.0620	3.0620	3.0620	0	0.00
2019/04/24	3.0800	3.0800	3.0800	3.0800	0	0.00
2019/04/25	3.0210	3.0210	3.0210	3.0210	0	0.00
2019/04/26	3.0380	3.0380	3.0380	3.0380	0	0.00
2019/04/29	3.0140	3.0140	3.0140	3.0140	0	0.00
2019/04/30	3.0160	3.0160	3.0160	3.0160	0	0.00
2019/05/06	2.8750	2.8750	2.8750	2.8750	0	0.00
2019/05/07	2.9330	2.9330	2.9330	2.9330	0	0.00
2019/05/08	2.9200	2.9200	2.9200	2.9200	0	0.00
2019/05/09	2.8930	2.8930	2.8930	2.8930	0	0.00
2019/05/10	2.9820	2.9820	2.9820	2.9820	0	0.00
2019/05/13	2.9800	2.9800	2.9800	2.9800	0	0.00
2019/05/14	2.9600	2.9600	2.9600	2.9600	0	0.00
2019/05/15	3.0040	3.0040	3.0040	3.0040	0	0.00
2019/05/16	3.0130	3.0130	3.0130	3.0130	0	0.00
2019/05/17	2.9720	2.9720	2.9720	2.9720	0	0.00
2019/05/20	2.9390	2.9390	2.9390	2.9390	0	0.00
2019/05/21	2.9630	2.9630	2.9630	2.9630	0	0.00
2019/05/22	2.9680	2.9680	2.9680	2.9680	0	0.00
2019/05/23	2.9010	2.9010	2.9010	2.9010	0	0.00
2019/05/24	2.9000	2.9000	2.9000	2.9000	0	0.00
2019/05/27	2.9490	2.9490	2.9490	2.9490	0	0.00
2019/05/28	2.9620	2.9620	2.9620	2.9620	0	0.00
2019/05/29	2.9530	2.9530	2.9530	2.9530	0	0.00
2019/05/30	2.9300	2.9300	2.9300	2.9300	0	0.00
2019/05/31	2.9320	2.9320	2.9320	2.9320	0	0.00
2019/06/03	2.9160	2.9160	2.9160	2.9160	0	0.00
2019/06/04	2.8980	2.8980	2.8980	2.8980	0	0.00
2019/06/05	2.9110	2.9110	2.9110	2.9110	0	0.00
2019/06/06	2.8830	2.8830	2.8830	2.8830	0	0.00
2019/06/10	2.9040	2.9040	2.9040	2.9040	0	0.00
2019/06/11	2.9700	2.9700	2.9700	2.9700	0	0.00
2019/06/12	2.9560	2.9560	2.9560	2.9560	0	0.00
2019/06/13	2.9590	2.9590	2.9590	2.9590	0	0.00
2019/06/14	2.9330	2.9330	2.9330	2.9330	0	0.00
2019/06/17	2.9410	2.9410	2.9410	2.9410	0	0.00
2019/06/18	2.9570	2.9570	2.9570	2.9570	0	0.00
2019/06/19	2.9930	2.9930	2.9930	2.9930	0	0.00
2019/06/20	3.0400	3.0400	3.0400	3.0400	0	0.00
2019/06/21	3.0790	3.0790	3.0790	3.0790	0	0.00
2019/06/24	3.0970	3.0970	3.0970	3.0970	0	0.00
2019/06/25	3.0820	3.0820	3.0820	3.0820	0	0.00
2019/06/26	3.1070	3.1070	3.1070	3.1070	0	0.00
2019/06/27	3.1280	3.1280	3.1280	3.1280	0	0.00
2019/06/28	3.1180	3.1180	3.1180	3.1180	0	0.00
2019/06/30	3.1170	3.1170	3.1170	3.1170	0	0.00
2019/07/01	3.1810	3.1810	3.1810	3.1810	0	0.00
2019/07/02	3.1880	3.1880	3.1880	3.1880	0	0.00
2019/07/03	3.1420	3.1420	3.1420	3.1420	0	0.00
2019/07/04	3.0850	3.0850	3.0850	3.0850	0	0.00
2019/07/05	3.0820	3.0820	3.0820	3.0820	0	0.00
2019/07/08	3.0240	3.0240	3.0240	3.0240	0	0.00
2019/07/09	3.0190	3.0190	3.0190	3.0190	0	0.00
2019/07/10	3.0310	3.0310	3.0310	3.0310	0	0.00
2019/07/11	3.0310	3.0310	3.0310	3.0310	0	0.00
2019/07/12	3.0350	3.0350	3.0350	3.0350	0	0.00
2019/07/15	3.0740	3.0740	3.0740	3.0740	0	0.00
2019/07/16	3.0630	3.0630	3.0630	3.0630	0	0.00
2019/07/17	3.0630	3.0630	3.0630	3.0630	0	0.00
2019/07/18	3.0280	3.0280	3.0280	3.0280	0	0.00
2019/07/19	3.0550	3.0550	3.0550	3.0550	0	0.00
2019/07/22	3.0640	3.0640	3.0640	3.0640	0	0.00
2019/07/23	3.1010	3.1010	3.1010	3.1010	0	0.00
2019/07/24	3.1380	3.1380	3.1380	3.1380	0	0.00
2019/07/25	3.1430	3.1430	3.1430	3.1430	0	0.00
2019/07/26	3.1460	3.1460	3.1460	3.1460	0	0.00
2019/07/29	3.1550	3.1550	3.1550	3.1550	0	0.00
2019/07/30	3.1680	3.1680	3.1680	3.1680	0	0.00
2019/07/31	3.1670	3.1670	3.1670	3.1670	0	0.00
2019/08/01	3.1570	3.1570	3.1570	3.1570	0	0.00
2019/08/02	3.1480	3.1480	3.1480	3.1480	0	0.00
2019/08/05	3.1040	3.1040	3.1040	3.1040	0	0.00
2019/08/06	3.0820	3.0820	3.0820	3.0820	0	0.00
2019/08/07	3.0740	3.0740	3.0740	3.0740	0	0.00
2019/08/08	3.1100	3.1100	3.1100	3.1100	0	0.00
2019/08/09	3.0940	3.0940	3.0940	3.0940	0	0.00
2019/08/12	3.1590	3.1590	3.1590	3.1590	0	0.00
2019/08/13	3.1400	3.1400	3.1400	3.1400	0	0.00
2019/08/14	3.1550	3.1550	3.1550	3.1550	0	0.00
2019/08/15	3.1850	3.1850	3.1850	3.1850	0	0.00
2019/08/16	3.2200	3.2200	3.2200	3.2200	0	0.00
2019/08/19	3.3000	3.3000	3.3000	3.3000	0	0.00
2019/08/20	3.2890	3.2890	3.2890	3.2890	0	0.00
2019/08/21	3.2980	3.2980	3.2980	3.2980	0	0.00
2019/08/22	3.2950	3.2950	3.2950	3.2950	0	0.00
2019/08/23	3.2870	3.2870	3.2870	3.2870	0	0.00
2019/08/26	3.2700	3.2700	3.2700	3.2700	0	0.00
2019/08/27	3.3080	3.3080	3.3080	3.3080	0	0.00
2019/08/28	3.3010	3.3010	3.3010	3.3010	0	0.00
2019/08/29	3.3230	3.3230	3.3230	3.3230	0	0.00
2019/08/30	3.3030	3.3030	3.3030	3.3030	0	0.00
2019/09/02	3.3980	3.3980	3.3980	3.3980	0	0.00
2019/09/03	3.4040	3.4040	3.4040	3.4040	0	0.00
2019/09/04	3.4120	3.4120	3.4120	3.4120	0	0.00
2019/09/05	3.4500	3.4500	3.4500	3.4500	0	0.00
2019/09/06	3.4150	3.4150	3.4150	3.4150	0	0.00
2019/09/09	3.4780	3.4780	3.4780	3.4780	0	0.00
2019/09/10	3.4450	3.4450	3.4450	3.4450	0	0.00
2019/09/11	3.4270	3.4270	3.4270	3.4270	0	0.00
2019/09/12	3.4230	3.4230	3.4230	3.4230	0	0.00
2019/09/16	3.4450	3.4450	3.4450	3.4450	0	0.00
2019/09/17	3.4080	3.4080	3.4080	3.4080	0	0.00
2019/09/18	3.4200	3.4200	3.4200	3.4200	0	0.00
2019/09/19	3.4580	3.4580	3.4580	3.4580	0	0.00
2019/09/20	3.4670	3.4670	3.4670	3.4670	0	0.00
2019/09/23	3.4680	3.4680	3.4680	3.4680	0	0.00
2019/09/24	3.5070	3.5070	3.5070	3.5070	0	0.00
2019/09/25	3.4570	3.4570	3.4570	3.4570	0	0.00
2019/09/26	3.3920	3.3920	3.3920	3.3920	0	0.00
2019/09/27	3.4310	3.4310	3.4310	3.4310	0	0.00
2019/09/30	3.3950	3.3950	3.3950	3.3950	0	0.00
2019/10/08	3.3660	3.3660	3.3660	3.3660	0	0.00
2019/10/09	3.4060	3.4060	3.4060	3.4060	0	0.00
2019/10/10	3.4520	3.4520	3.4520	3.4520	0	0.00
2019/10/11	3.4500	3.4500	3.4500	3.4500	0	0.00
2019/10/14	3.4800	3.4800	3.4800	3.4800	0	0.00
2019/10/15	3.4630	3.4630	3.4630	3.4630	0	0.00
2019/10/16	3.4680	3.4680	3.4680	3.4680	0	0.00
2019/10/17	3.4950	3.4950	3.4950	3.4950	0	0.00
2019/10/18	3.4780	3.4780	3.4780	3.4780	0	0.00
2019/10/21	3.4790	3.4790	3.4790	3.4790	0	0.00
2019/10/22	3.4880	3.4880	3.4880	3.4880	0	0.00
2019/10/23	3.4580	3.4580	3.4580	3.4580	0	0.00
2019/10/24	3.4460	3.4460	3.4460	3.4460	0	0.00
2019/10/25	3.4800	3.4800	3.4800	3.4800	0	0.00
2019/10/28	3.5270	3.5270	3.5270	3.5270	0	0.00
2019/10/29	3.4920	3.4920	3.4920	3.4920	0	0.00
2019/10/30	3.4900	3.4900	3.4900	3.4900	0	0.00
2019/10/31	3.5060	3.5060	3.5060	3.5060	0	0.00
2019/11/01	3.5210	3.5210	3.5210	3.5210	0	0.00
2019/11/04	3.5420	3.5420	3.5420	3.5420	0	0.00
2019/11/05	3.5460	3.5460	3.5460	3.5460	0	0.00
2019/11/06	3.5250	3.5250	3.5250	3.5250	0	0.00
2019/11/07	3.5560	3.5560	3.5560	3.5560	0	0.00
2019/11/08	3.5620	3.5620	3.5620	3.5620	0	0.00
2019/11/11	3.5300	3.5300	3.5300	3.5300	0	0.00
2019/11/12	3.5120	3.5120	3.5120	3.5120	0	0.00
2019/11/13	3.5480	3.5480	3.5480	3.5480	0	0.00
2019/11/14	3.5690	3.5690	3.5690	3.5690	0	0.00
2019/11/15	3.5700	3.5700	3.5700	3.5700	0	0.00
2019/11/18	3.5820	3.5820	3.5820	3.5820	0	0.00
2019/11/19	3.6680	3.6680	3.6680	3.6680	0	0.00
2019/11/20	3.6770	3.6770	3.6770	3.6770	0	0.00
2019/11/21	3.6510	3.6510	3.6510	3.6510	0	0.00
2019/11/22	3.5850	3.5850	3.5850	3.5850	0	0.00
2019/11/25	3.5430	3.5430	3.5430	3.5430	0	0.00
2019/11/26	3.5690	3.5690	3.5690	3.5690	0	0.00
2019/11/27	3.5530	3.5530	3.5530	3.5530	0	0.00
2019/11/28	3.5400	3.5400	3.5400	3.5400	0	0.00
2019/11/29	3.5270	3.5270	3.5270	3.5270	0	0.00
2019/12/02	3.5300	3.5300	3.5300	3.5300	0	0.00
2019/12/03	3.5440	3.5440	3.5440	3.5440	0	0.00
2019/12/04	3.5600	3.5600	3.5600	3.5600	0	0.00
2019/12/05	3.5920	3.5920	3.5920	3.5920	0	0.00
2019/12/06	3.6300	3.6300	3.6300	3.6300	0	0.00
2019/12/09	3.6270	3.6270	3.6270	3.6270	0	0.00
2019/12/10	3.6480	3.6480	3.6480	3.6480	0	0.00
2019/12/11	3.6130	3.6130	3.6130	3.6130	0	0.00
2019/12/12	3.6180	3.6180	3.6180	3.6180	0	0.00
2019/12/13	3.6500	3.6500	3.6500	3.6500	0	0.00
2019/12/16	3.7120	3.7120	3.7120	3.7120	0	0.00
2019/12/17	3.7440	3.7440	3.7440	3.7440	0	0.00
2019/12/18	3.7370	3.7370	3.7370	3.7370	0	0.00
2019/12/19	3.7240	3.7240	3.7240	3.7240	0	0.00
2019/12/20	3.7130	3.7130	3.7130	3.7130	0	0.00
2019/12/23	3.6740	3.6740	3.6740	3.6740	0	0.00
2019/12/24	3.7300	3.7300	3.7300	3.7300	0	0.00
2019/12/25	3.7400	3.7400	3.7400	3.7400	0	0.00
2019/12/26	3.7590	3.7590	3.7590	3.7590	0	0.00
2019/12/27	3.7180	3.7180	3.7180	3.7180	0	0.00
2019/12/30	3.7420	3.7420	3.7420	3.7420	0	0.00
2019/12/31	3.7670	3.7670	3.7670	3.7670	0	0.00
2020/01/02	3.8270	3.8270	3.8270	3.8270	0	0.00
2020/01/03	3.8200	3.8200	3.8200	3.8200	0	0.00
2020/01/06	3.8460	3.8460	3.8460	3.8460	0	0.00
2020/01/07	3.8740	3.8740	3.8740	3.8740	0	0.00
2020/01/08	3.8750	3.8750	3.8750	3.8750	0	0.00
2020/01/09	3.9210	3.9210	3.9210	3.9210	0	0.00
2020/01/10	3.9250	3.9250	3.9250	3.9250	0	0.00
2020/01/13	3.9560	3.9560	3.9560	3.9560	0	0.00
2020/01/14	3.9660	3.9660	3.9660	3.9660	0	0.00
2020/01/15	3.9600	3.9600	3.9600	3.9600	0	0.00
2020/01/16	3.9750	3.9750	3.9750	3.9750	0	0.00
2020/01/17	3.9680	3.9680	3.9680	3.9680	0	0.00
2020/01/20	4.0010	4.0010	4.0010	4.0010	0	0.00
2020/01/21	3.9870	3.9870	3.9870	3.9870	0	0.00
2020/01/22	4.0220	4.0220	4.0220	4.0220	0	0.00
2020/01/23	3.9480	3.9480	3.9480	3.9480	0	0.00
2020/02/03	3.7420	3.7420	3.7420	3.7420	0	0.00
2020/02/04	3.8940	3.8940	3.8940	3.8940	0	0.00
2020/02/05	3.9450	3.9450	3.9450	3.9450	0	0.00
2020/02/06	4.0590	4.0590	4.0590	4.0590	0	0.00
2020/02/07	4.0770	4.0770	4.0770	4.0770	0	0.00
2020/02/10	4.1070	4.1070	4.1070	4.1070	0	0.00
2020/02/11	4.0940	4.0940	4.0940	4.0940	0	0.00
2020/02/12	4.1460	4.1460	4.1460	4.1460	0	0.00
2020/02/13	4.1120	4.1120	4.1120	4.1120	0	0.00
2020/02/14	4.0900	4.0900	4.0900	4.0900	0	0.00
2020/02/17	4.1740	4.1740	4.1740	4.1740	0	0.00
2020/02/18	4.2140	4.2140	4.2140	4.2140	0	0.00
2020/02/19	4.1770	4.1770	4.1770	4.1770	0	0.00
2020/02/20	4.2550	4.2550	4.2550	4.2550	0	0.00
2020/02/21	4.2900	4.2900	4.2900	4.2900	0	0.00
2020/02/24	4.3100	4.3100	4.3100	4.3100	0	0.00
2020/02/25	4.3240	4.3240	4.3240	4.3240	0	0.00
2020/02/26	4.2140	4.2140	4.2140	4.2140	0	0.00
2020/02/27	4.2420	4.2420	4.2420	4.2420	0	0.00
2020/02/28	4.1440	4.1440	4.1440	4.1440	0	0.00
2020/03/02	4.2350	4.2350	4.2350	4.2350	0	0.00
2020/03/03	4.2580	4.2580	4.2580	4.2580	0	0.00
2020/03/04	4.2720	4.2720	4.2720	4.2720	0	0.00
2020/03/05	4.3170	4.3170	4.3170	4.3170	0	0.00
2020/03/06	4.2710	4.2710	4.2710	4.2710	0	0.00
2020/03/09	4.1520	4.1520	4.1520	4.1520	0	0.00
2020/03/10	4.2350	4.2350	4.2350	4.2350	0	0.00
2020/03/11	4.1880	4.1880	4.1880	4.1880	0	0.00
2020/03/12	4.1290	4.1290	4.1290	4.1290	0	0.00
2020/03/13	4.1190	4.1190	4.1190	4.1190	0	0.00
2020/03/16	3.9890	3.9890	3.9890	3.9890	0	0.00
2020/03/17	4.0160	4.0160	4.0160	4.0160	0	0.00
2020/03/18	4.0030	4.0030	4.0030	4.0030	0	0.00
2020/03/19	4.0110	4.0110	4.0110	4.0110	0	0.00
2020/03/20	4.0540	4.0540	4.0540	4.0540	0	0.00
2020/03/23	3.9520	3.9520	3.9520	3.9520	0	0.00
2020/03/24	3.9950	3.9950	3.9950	3.9950	0	0.00
2020/03/25	4.0700	4.0700	4.0700	4.0700	0	0.00
2020/03/26	4.0660	4.0660	4.0660	4.0660	0	0.00
2020/03/27	4.0400	4.0400	4.0400	4.0400	0	0.00
2020/03/30	3.9690	3.9690	3.9690	3.9690	0	0.00
2020/03/31	4.0040	4.0040	4.0040	4.0040	0	0.00
2020/04/01	3.9730	3.9730	3.9730	3.9730	0	0.00
2020/04/02	4.0080	4.0080	4.0080	4.0080	0	0.00
2020/04/03	3.9890	3.9890	3.9890	3.9890	0	0.00
2020/04/07	4.0790	4.0790	4.0790	4.0790	0	0.00
2020/04/08	4.0660	4.0660	4.0660	4.0660	0	0.00
2020/04/09	4.0980	4.0980	4.0980	4.0980	0	0.00
2020/04/10	4.0530	4.0530	4.0530	4.0530	0	0.00
2020/04/13	4.0470	4.0470	4.0470	4.0470	0	0.00
2020/04/14	4.1200	4.1200	4.1200	4.1200	0	0.00
2020/04/15	4.0960	4.0960	4.0960	4.0960	0	0.00
2020/04/16	4.1140	4.1140	4.1140	4.1140	0	0.00
2020/04/17	4.1040	4.1040	4.1040	4.1040	0	0.00
2020/04/20	4.1490	4.1490	4.1490	4.1490	0	0.00
2020/04/21	4.1440	4.1440	4.1440	4.1440	0	0.00
2020/04/22	4.1790	4.1790	4.1790	4.1790	0	0.00
2020/04/23	4.1610	4.1610	4.1610	4.1610	0	0.00
2020/04/24	4.1370	4.1370	4.1370	4.1370	0	0.00
2020/04/27	4.1460	4.1460	4.1460	4.1460	0	0.00
2020/04/28	4.1560	4.1560	4.1560	4.1560	0	0.00
2020/04/29	4.1810	4.1810	4.1810	4.1810	0	0.00
2020/04/30	4.2100	4.2100	4.2100	4.2100	0	0.00
2020/05/06	4.2150	4.2150	4.2150	4.2150	0	0.00
2020/05/07	4.2210	4.2210	4.2210	4.2210	0	0.00
2020/05/08	4.2660	4.2660	4.2660	4.2660	0	0.00
2020/05/11	4.2720	4.2720	4.2720	4.2720	0	0.00
2020/05/12	4.2990	4.2990	4.2990	4.2990	0	0.00
2020/05/13	4.3130	4.3130	4.3130	4.3130	0	0.00
2020/05/14	4.2960	4.2960	4.2960	4.2960	0	0.00
2020/05/15	4.3000	4.3000	4.3000	4.3000	0	0.00
2020/05/18	4.3000	4.3000	4.3000	4.3000	0	0.00
2020/05/19	4.3360	4.3360	4.3360	4.3360	0	0.00
2020/05/20	4.3030	4.3030	4.3030	4.3030	0	0.00
2020/05/21	4.2770	4.2770	4.2770	4.2770	0	0.00
2020/05/22	4.2120	4.2120	4.2120	4.2120	0	0.00
2020/05/25	4.2300	4.2300	4.2300	4.2300	0	0.00
2020/05/26	4.2940	4.2940	4.2940	4.2940	0	0.00
2020/05/27	4.2930	4.2930	4.2930	4.2930	0	0.00
2020/05/28	4.2920	4.2920	4.2920	4.2920	0	0.00
2020/05/29	4.3640	4.3640	4.3640	4.3640	0	0.00
2020/06/01	4.4420	4.4420	4.4420	4.4420	0	0.00
2020/06/02	4.3960	4.3960	4.3960	4.3960	0	0.00
2020/06/03	4.3880	4.3880	4.3880	4.3880	0	0.00
2020/06/04	4.3960	4.3960	4.3960	4.3960	0	0.00
2020/06/05	4.4010	4.4010	4.4010	4.4010	0	0.00
2020/06/08	4.3800	4.3800	4.3800	4.3800	0	0.00
2020/06/09	4.4190	4.4190	4.4190	4.4190	0	0.00
2020/06/10	4.4590	4.4590	4.4590	4.4590	0	0.00
数据来源:通达信